angleOFknee_left,angleOFknee_right,angleOFhip_left,angleOFhip_right,angleOFelbow_left,angleOFelbow_right,angleOFshoulder_left,angleOFshoulder_right,label
130.81662638088474,130.81662638088474,129.91314467467416,129.91314467467416,55.597621315249036,55.597621315249036,65.3185852538417,65.3185852538417,Incorrect
174.05057621263268,174.05057621263268,179.97402455678431,179.97402455678431,88.17778840820787,88.17778840820787,94.23860791859833,94.23860791859833,Correct
151.00384389242026,151.00384389242026,126.8093514244529,126.8093514244529,40.300554799415416,40.300554799415416,43.26928089635147,43.26928089635147,Incorrect
174.64035802540593,174.64035802540593,170.7434351950103,170.7434351950103,91.21297275509055,91.21297275509055,85.46348042026395,85.46348042026395,Correct
139.52686756805815,139.52686756805815,139.35195442463555,139.35195442463555,41.29266370790505,41.29266370790505,65.03612521918984,65.03612521918984,Incorrect
173.54568559741895,173.54568559741895,170.91814153832865,170.91814153832865,83.93657982299561,83.93657982299561,83.12721426087876,83.12721426087876,Correct
132.255043577914,132.255043577914,147.66933029574741,147.66933029574741,66.56665536860712,66.56665536860712,60.28261357239427,60.28261357239427,Incorrect
176.69066277250548,176.69066277250548,176.487323757301,176.487323757301,89.11707297890021,89.11707297890021,77.85456550602468,77.85456550602468,Correct
175.837684155835,175.837684155835,174.22566382964132,174.22566382964132,82.54441855954192,82.54441855954192,82.01626875539208,82.01626875539208,Correct
126.72509637834035,126.72509637834035,152.23463398596692,152.23463398596692,49.886495511693624,49.886495511693624,43.063587243305264,43.063587243305264,Incorrect
172.48022190301856,172.48022190301856,175.41960808826917,175.41960808826917,97.6670993138552,97.6670993138552,83.17235257499917,83.17235257499917,Correct
145.93722808838615,145.93722808838615,153.85168973436092,153.85168973436092,56.16853194630014,56.16853194630014,41.441762542560525,41.441762542560525,Incorrect
125.58639729304917,125.58639729304917,126.6516547585942,126.6516547585942,55.13037398500002,55.13037398500002,53.490997896128974,53.490997896128974,Incorrect
145.32109586835176,145.32109586835176,142.99323772094908,142.99323772094908,60.784028087530785,60.784028087530785,45.4640142825311,45.4640142825311,Incorrect
159.947811481303,159.947811481303,148.44373326954036,148.44373326954036,59.48281397091071,59.48281397091071,50.667155873641676,50.667155873641676,Incorrect
124.06540399485945,124.06540399485945,130.78942936212474,130.78942936212474,57.61812263583084,57.61812263583084,64.3302534236748,64.3302534236748,Incorrect
158.94465117914976,158.94465117914976,146.80613352746093,146.80613352746093,74.37916107918552,74.37916107918552,40.57510163061119,40.57510163061119,Incorrect
123.91593353591212,123.91593353591212,147.22129938838796,147.22129938838796,67.8378093077226,67.8378093077226,58.31083672636843,58.31083672636843,Incorrect
130.90563612591134,130.90563612591134,147.9164449789227,147.9164449789227,57.80934093894248,57.80934093894248,56.712325609525365,56.712325609525365,Incorrect
172.82526747945704,172.82526747945704,177.86829195004967,177.86829195004967,99.64066254814256,99.64066254814256,92.56476716472929,92.56476716472929,Correct
173.42536146216844,173.42536146216844,170.40355053493948,170.40355053493948,88.64465366944324,88.64465366944324,83.70003078537735,83.70003078537735,Correct
130.18654517792274,130.18654517792274,130.83926538650206,130.83926538650206,72.43360885100385,72.43360885100385,44.276195572373055,44.276195572373055,Incorrect
121.75076292168907,121.75076292168907,127.27490069810786,127.27490069810786,52.86515503350998,52.86515503350998,59.44677760927043,59.44677760927043,Incorrect
179.7853377198113,179.7853377198113,174.57407530541644,174.57407530541644,92.24232032204597,92.24232032204597,94.97033108225267,94.97033108225267,Correct
126.96441470091538,126.96441470091538,146.79204571749455,146.79204571749455,67.86072344509302,67.86072344509302,48.76107331319159,48.76107331319159,Incorrect
176.50317604391043,176.50317604391043,172.99250638485097,172.99250638485097,95.83198680825305,95.83198680825305,77.56154520352521,77.56154520352521,Correct
171.73281968240735,171.73281968240735,176.276778953222,176.276778953222,93.16840106078199,93.16840106078199,92.79304145635192,92.79304145635192,Correct
149.41031943698638,149.41031943698638,150.27915874646988,150.27915874646988,59.87513922797888,59.87513922797888,64.4052694375158,64.4052694375158,Incorrect
135.38587898215488,135.38587898215488,138.3763139888001,138.3763139888001,48.13879474401332,48.13879474401332,62.92124577970923,62.92124577970923,Incorrect
176.9748873861365,176.9748873861365,170.9429539092987,170.9429539092987,86.8156779597826,86.8156779597826,88.60279772027644,88.60279772027644,Correct
178.39145223495646,178.39145223495646,175.15698512164272,175.15698512164272,80.1572080159681,80.1572080159681,79.01837402643001,79.01837402643001,Correct
159.80707838818574,159.80707838818574,154.3929240394628,154.3929240394628,61.52142914120628,61.52142914120628,66.54183492450674,66.54183492450674,Incorrect
170.70607265217785,170.70607265217785,171.48252582729583,171.48252582729583,99.79219353982572,99.79219353982572,94.38741238522375,94.38741238522375,Correct
175.57806136496012,175.57806136496012,175.79586426647438,175.79586426647438,82.80550111875704,82.80550111875704,86.81803376884136,86.81803376884136,Correct
178.6435231323515,178.6435231323515,177.9452571693553,177.9452571693553,89.53437900193121,89.53437900193121,82.21849011737413,82.21849011737413,Correct
157.4013878321756,157.4013878321756,144.34604776570043,144.34604776570043,48.92027576942621,48.92027576942621,66.17482179535669,66.17482179535669,Incorrect
136.23473103204518,136.23473103204518,153.55965426646117,153.55965426646117,59.83189210593486,59.83189210593486,57.32661793855589,57.32661793855589,Incorrect
179.0620661523212,179.0620661523212,170.65858033381429,170.65858033381429,89.93882499007003,89.93882499007003,78.63371542392966,78.63371542392966,Correct
175.68838263524844,175.68838263524844,177.4756095245013,177.4756095245013,96.14352036222002,96.14352036222002,87.50245628325962,87.50245628325962,Correct
141.81311115424242,141.81311115424242,124.73305415920333,124.73305415920333,55.595998446675026,55.595998446675026,60.23873180468567,60.23873180468567,Incorrect
176.48775845425712,176.48775845425712,177.34066478816973,177.34066478816973,81.8595886782163,81.8595886782163,85.53633250747437,85.53633250747437,Correct
152.25387744547712,152.25387744547712,142.41902609638748,142.41902609638748,56.305602076507725,56.305602076507725,40.01998667688718,40.01998667688718,Incorrect
170.95631664099292,170.95631664099292,172.0672957832797,172.0672957832797,81.54922656661628,81.54922656661628,87.53344348655332,87.53344348655332,Correct
153.3060665139136,153.3060665139136,157.1274428174701,157.1274428174701,59.1554496991302,59.1554496991302,54.70317613618822,54.70317613618822,Incorrect
171.05979105011426,171.05979105011426,178.47710806880272,178.47710806880272,80.70125007702804,80.70125007702804,78.2825981910634,78.2825981910634,Correct
156.61785877425785,156.61785877425785,125.83373964670874,125.83373964670874,58.59488380845125,58.59488380845125,57.84796776166297,57.84796776166297,Incorrect
172.17696264435222,172.17696264435222,173.01481598141217,173.01481598141217,89.67302220523757,89.67302220523757,90.1064070499615,90.1064070499615,Correct
157.40689160499716,157.40689160499716,143.32909405978052,143.32909405978052,61.83971379826089,61.83971379826089,57.52045678588167,57.52045678588167,Incorrect
152.16907896464926,152.16907896464926,130.97416844948972,130.97416844948972,74.37059477615081,74.37059477615081,53.025024944429916,53.025024944429916,Incorrect
171.8251916291757,171.8251916291757,177.19538230126994,177.19538230126994,91.37724223176701,91.37724223176701,91.2597511117601,91.2597511117601,Correct
150.8251547577828,150.8251547577828,142.05369004802586,142.05369004802586,74.1307065609277,74.1307065609277,63.26834882859603,63.26834882859603,Incorrect
175.47322419881482,175.47322419881482,174.49941652849415,174.49941652849415,90.97035109338223,90.97035109338223,84.48362390168514,84.48362390168514,Correct
174.54184910230208,174.54184910230208,170.03263696701435,170.03263696701435,96.31521900589931,96.31521900589931,93.7491564766828,93.7491564766828,Correct
144.60748697359818,144.60748697359818,152.26884098451205,152.26884098451205,61.96766525396704,61.96766525396704,50.80300749271866,50.80300749271866,Incorrect
149.3857328392409,149.3857328392409,127.35431960577817,127.35431960577817,68.40653142829774,68.40653142829774,66.70006508709082,66.70006508709082,Incorrect
155.49210627370485,155.49210627370485,153.23461324518524,153.23461324518524,74.35038981940025,74.35038981940025,47.300148973681246,47.300148973681246,Incorrect
149.56700441372374,149.56700441372374,126.98206102141448,126.98206102141448,54.48326642487074,54.48326642487074,55.328294444897665,55.328294444897665,Incorrect
177.82949389517458,177.82949389517458,173.78105360025452,173.78105360025452,89.73103007031145,89.73103007031145,76.19073051883616,76.19073051883616,Correct
178.59431559102484,178.59431559102484,176.5299820957414,176.5299820957414,88.13628896422894,88.13628896422894,91.01518339469953,91.01518339469953,Correct
177.71077410541824,177.71077410541824,173.22422397509297,173.22422397509297,85.00086224175033,85.00086224175033,88.77778651318836,88.77778651318836,Correct
171.03685557929526,171.03685557929526,174.81663826434664,174.81663826434664,88.40518789641636,88.40518789641636,91.9298160962369,91.9298160962369,Correct
145.6046104969249,145.6046104969249,136.1720149734221,136.1720149734221,46.11605807671821,46.11605807671821,53.72714834228364,53.72714834228364,Incorrect
175.43713146702652,175.43713146702652,172.4325946604453,172.4325946604453,84.27610144890433,84.27610144890433,82.23894899986293,82.23894899986293,Correct
158.5110169401245,158.5110169401245,121.73155620542704,121.73155620542704,63.123381632004126,63.123381632004126,45.88990014313893,45.88990014313893,Incorrect
178.2094889698137,178.2094889698137,170.65250182218801,170.65250182218801,99.37210328085922,99.37210328085922,92.88508582142575,92.88508582142575,Correct
135.15520649761942,135.15520649761942,151.42803863349883,151.42803863349883,74.04739531368762,74.04739531368762,58.28523672813242,58.28523672813242,Incorrect
131.5147901878619,131.5147901878619,151.22662908339223,151.22662908339223,44.132681885397204,44.132681885397204,59.71054315146499,59.71054315146499,Incorrect
178.97109330952046,178.97109330952046,174.93488077509429,174.93488077509429,97.1827891884353,97.1827891884353,76.85145010865212,76.85145010865212,Correct
175.55682189903519,175.55682189903519,175.47572615979877,175.47572615979877,86.41405724587656,86.41405724587656,81.24329195314601,81.24329195314601,Correct
175.4132656324421,175.4132656324421,177.12566350647447,177.12566350647447,96.89018271497648,96.89018271497648,77.79607907210473,77.79607907210473,Correct
173.87948312727755,173.87948312727755,178.60675317755408,178.60675317755408,88.45398390947653,88.45398390947653,76.42833811056953,76.42833811056953,Correct
178.7229750700767,178.7229750700767,170.9490955899935,170.9490955899935,83.5128855274097,83.5128855274097,79.9279123666354,79.9279123666354,Correct
157.89999935853209,157.89999935853209,121.2085872990491,121.2085872990491,60.47293733020503,60.47293733020503,40.02507561710081,40.02507561710081,Incorrect
138.81334176456426,138.81334176456426,128.14653754540814,128.14653754540814,40.82370933146017,40.82370933146017,45.37427203361512,45.37427203361512,Incorrect
149.89569710731666,149.89569710731666,146.68755660493179,146.68755660493179,42.60381201611411,42.60381201611411,59.15833557893697,59.15833557893697,Incorrect
174.3764016675192,174.3764016675192,170.28529308134853,170.28529308134853,95.76942011530902,95.76942011530902,91.68310399642245,91.68310399642245,Correct
172.62088644752433,172.62088644752433,179.31462199128674,179.31462199128674,83.441878107973,83.441878107973,94.18925313422345,94.18925313422345,Correct
120.11812018555258,120.11812018555258,145.21064439343934,145.21064439343934,48.33154410493799,48.33154410493799,57.46445293812033,57.46445293812033,Incorrect
132.0216542198791,132.0216542198791,133.50907014467597,133.50907014467597,50.81851511255816,50.81851511255816,69.22386074131042,69.22386074131042,Incorrect
138.58016984436216,138.58016984436216,120.99743989971783,120.99743989971783,71.99870278227795,71.99870278227795,68.73664622633665,68.73664622633665,Incorrect
170.98412996451907,170.98412996451907,171.66180576749022,171.66180576749022,91.5113370905575,91.5113370905575,82.53955700826769,82.53955700826769,Correct
144.4170143587226,144.4170143587226,134.51616303005832,134.51616303005832,59.95742577307823,59.95742577307823,62.41629752250888,62.41629752250888,Incorrect
175.3236228627522,175.3236228627522,178.30963352965955,178.30963352965955,89.48434597977979,89.48434597977979,89.64414467361944,89.64414467361944,Correct
134.29638852719933,134.29638852719933,138.28604460384767,138.28604460384767,42.03543990624447,42.03543990624447,66.76248207860453,66.76248207860453,Incorrect
178.4772805912239,178.4772805912239,179.84937489638457,179.84937489638457,96.40814737553649,96.40814737553649,85.64191776961553,85.64191776961553,Correct
130.12787077704735,130.12787077704735,138.76640935193,138.76640935193,61.476912118407846,61.476912118407846,65.30134982900748,65.30134982900748,Incorrect
157.9580651469227,157.9580651469227,133.56976776846307,133.56976776846307,61.63510409503582,61.63510409503582,57.76830313692248,57.76830313692248,Incorrect
120.41225800247453,120.41225800247453,141.6454803968283,141.6454803968283,45.97554129263996,45.97554129263996,64.8730437796828,64.8730437796828,Incorrect
127.89587364661946,127.89587364661946,140.97879890411852,140.97879890411852,60.63801979577353,60.63801979577353,50.5252647447366,50.5252647447366,Incorrect
139.93230428430917,139.93230428430917,152.71388903386486,152.71388903386486,65.81896082220729,65.81896082220729,43.36869469937569,43.36869469937569,Incorrect
132.80211894356904,132.80211894356904,135.24883938673264,135.24883938673264,64.85091150403454,64.85091150403454,67.22073752617675,67.22073752617675,Incorrect
177.91148082846038,177.91148082846038,176.32598393280043,176.32598393280043,91.99827898976646,91.99827898976646,94.65905080382278,94.65905080382278,Correct
175.5202478221994,175.5202478221994,172.15013209380993,172.15013209380993,99.11014264777985,99.11014264777985,86.50960198857452,86.50960198857452,Correct
127.43336395513967,127.43336395513967,154.3245853628942,154.3245853628942,46.09540909869674,46.09540909869674,49.421598954208505,49.421598954208505,Incorrect
122.47737941082558,122.47737941082558,146.23519515283124,146.23519515283124,40.27091048341906,40.27091048341906,65.4737056180373,65.4737056180373,Incorrect
178.74248217559563,178.74248217559563,177.98511595288113,177.98511595288113,86.15777917654898,86.15777917654898,80.91207239981563,80.91207239981563,Correct
177.74605769798723,177.74605769798723,173.30109647449223,173.30109647449223,89.7651053653049,89.7651053653049,85.49547563236118,85.49547563236118,Correct
133.32901594168644,133.32901594168644,156.80826976496806,156.80826976496806,42.27870438875012,42.27870438875012,44.60707416051788,44.60707416051788,Incorrect
179.89882325119297,179.89882325119297,174.30323250085718,174.30323250085718,80.43373999803336,80.43373999803336,93.71475690092073,93.71475690092073,Correct
141.44622639604228,141.44622639604228,154.72185782738762,154.72185782738762,61.422820950679984,61.422820950679984,58.05479104632648,58.05479104632648,Incorrect
150.37517795090656,150.37517795090656,140.04091400199803,140.04091400199803,54.096864539083924,54.096864539083924,43.809133958336524,43.809133958336524,Incorrect
176.99921250863596,176.99921250863596,174.97897731144886,174.97897731144886,91.03114273744795,91.03114273744795,85.71055418263143,85.71055418263143,Correct
175.80271483855685,175.80271483855685,173.89229010598734,173.89229010598734,84.45026209176473,84.45026209176473,77.00251961496632,77.00251961496632,Correct
176.58909250685073,176.58909250685073,171.5780270376525,171.5780270376525,89.6321984287222,89.6321984287222,93.52531922945626,93.52531922945626,Correct
134.69481173050315,134.69481173050315,152.15774846455543,152.15774846455543,68.76398896270182,68.76398896270182,41.119773533887376,41.119773533887376,Incorrect
179.7026545396314,179.7026545396314,176.06594990838957,176.06594990838957,94.12687711716804,94.12687711716804,88.74618962858293,88.74618962858293,Correct
131.46604266034484,131.46604266034484,134.31364022678162,134.31364022678162,41.655005425449886,41.655005425449886,41.788755138901784,41.788755138901784,Incorrect
138.3437085856043,138.3437085856043,127.56733240095375,127.56733240095375,49.13157545601062,49.13157545601062,53.14817667194849,53.14817667194849,Incorrect
120.64502134376798,120.64502134376798,137.1745847046523,137.1745847046523,55.76801089223139,55.76801089223139,56.23361617210632,56.23361617210632,Incorrect
176.0312556477608,176.0312556477608,175.80841391232985,175.80841391232985,87.50222595787675,87.50222595787675,84.77874431136564,84.77874431136564,Correct
127.31872600893739,127.31872600893739,158.83983881435626,158.83983881435626,69.61253179325223,69.61253179325223,63.886978020290414,63.886978020290414,Incorrect
144.3939856048136,144.3939856048136,136.87596128371567,136.87596128371567,44.91986170203592,44.91986170203592,64.51107677665766,64.51107677665766,Incorrect
144.21756205445095,144.21756205445095,159.93599222695332,159.93599222695332,64.27775763537521,64.27775763537521,52.00540850740257,52.00540850740257,Incorrect
154.78916425139795,154.78916425139795,135.996134982164,135.996134982164,69.65674454911502,69.65674454911502,48.52251730813131,48.52251730813131,Incorrect
177.77567536459742,177.77567536459742,177.37270850780115,177.37270850780115,91.26872641587259,91.26872641587259,90.94596855865414,90.94596855865414,Correct
146.98034920454597,146.98034920454597,125.54897895079591,125.54897895079591,41.324181743521656,41.324181743521656,44.23381758055173,44.23381758055173,Incorrect
171.98121425077056,171.98121425077056,179.25367831765183,179.25367831765183,81.22373875135354,81.22373875135354,75.14654594530226,75.14654594530226,Correct
156.62823682899685,156.62823682899685,127.05256679018296,127.05256679018296,54.799772484703794,54.799772484703794,55.38092571362442,55.38092571362442,Incorrect
171.50741607813993,171.50741607813993,175.7372785974672,175.7372785974672,83.77491018312766,83.77491018312766,90.79138421419258,90.79138421419258,Correct
171.1732504710986,171.1732504710986,173.74660224733438,173.74660224733438,86.42673268127251,86.42673268127251,91.00959301067837,91.00959301067837,Correct
123.37967296016095,123.37967296016095,159.6525750972499,159.6525750972499,56.69897859165023,56.69897859165023,51.0519556518865,51.0519556518865,Incorrect
144.74274413420082,144.74274413420082,123.74020414480593,123.74020414480593,41.35352572218744,41.35352572218744,53.12792059523354,53.12792059523354,Incorrect
176.60070680520744,176.60070680520744,173.11711519523703,173.11711519523703,96.11476862245132,96.11476862245132,89.88352753206604,89.88352753206604,Correct
158.49712584635415,158.49712584635415,146.53137635806024,146.53137635806024,66.62332341415294,66.62332341415294,48.90438625113299,48.90438625113299,Incorrect
174.77257897660607,174.77257897660607,176.93482387148504,176.93482387148504,93.63294507829674,93.63294507829674,89.0146410874205,89.0146410874205,Correct
173.22852399249945,173.22852399249945,177.0306869489834,177.0306869489834,87.6948850150927,87.6948850150927,79.20674318436957,79.20674318436957,Correct
154.34055883047003,154.34055883047003,141.2973404160359,141.2973404160359,47.7832389212656,47.7832389212656,42.54715947050995,42.54715947050995,Incorrect
176.96913316882166,176.96913316882166,175.38291017282455,175.38291017282455,95.62141963955148,95.62141963955148,93.5220879912124,93.5220879912124,Correct
172.2683299620576,172.2683299620576,170.2187057276453,170.2187057276453,97.97938070767844,97.97938070767844,92.15378269808767,92.15378269808767,Correct
170.24119125490049,170.24119125490049,177.92922241114036,177.92922241114036,81.54164833604513,81.54164833604513,78.35119203522513,78.35119203522513,Correct
177.68307839692818,177.68307839692818,173.19168132338666,173.19168132338666,91.47968079556024,91.47968079556024,81.28424178764429,81.28424178764429,Correct
170.93596650487999,170.93596650487999,179.43649308684712,179.43649308684712,93.92054512759482,93.92054512759482,89.32457853191981,89.32457853191981,Correct
125.10313921112348,125.10313921112348,144.20727067570618,144.20727067570618,66.46783765869024,66.46783765869024,44.101041694746755,44.101041694746755,Incorrect
145.95533540385713,145.95533540385713,157.20252102945415,157.20252102945415,43.78743284125371,43.78743284125371,51.467860673835105,51.467860673835105,Incorrect
157.06517984389023,157.06517984389023,134.2421510583765,134.2421510583765,66.94710557405851,66.94710557405851,51.31166009861619,51.31166009861619,Incorrect
159.1646915320313,159.1646915320313,138.74884478403501,138.74884478403501,55.43679458561734,55.43679458561734,64.62622139976618,64.62622139976618,Incorrect
146.92908147914727,146.92908147914727,126.56272389823556,126.56272389823556,68.07960563843451,68.07960563843451,66.78066699164401,66.78066699164401,Incorrect
175.16159659748192,175.16159659748192,177.62882466616696,177.62882466616696,96.67807139464554,96.67807139464554,84.18774156423103,84.18774156423103,Correct
173.08385022959993,173.08385022959993,177.66823031571118,177.66823031571118,95.09310899560695,95.09310899560695,82.58953138881353,82.58953138881353,Correct
124.43352251673905,124.43352251673905,139.3671122336533,139.3671122336533,47.205138663639204,47.205138663639204,65.01769409872065,65.01769409872065,Incorrect
174.2565189729536,174.2565189729536,177.31681759632613,177.31681759632613,91.78296070213834,91.78296070213834,88.32800636262449,88.32800636262449,Correct
151.6327202973222,151.6327202973222,137.8525467396532,137.8525467396532,70.58227677723791,70.58227677723791,51.062150019121006,51.062150019121006,Incorrect
145.91396689105093,145.91396689105093,131.42770668959054,131.42770668959054,42.395466856994865,42.395466856994865,59.79515235980689,59.79515235980689,Incorrect
148.32636762908658,148.32636762908658,143.43636838357347,143.43636838357347,45.74174988565465,45.74174988565465,60.219309595098736,60.219309595098736,Incorrect
179.99739004292104,179.99739004292104,176.07330997367248,176.07330997367248,91.3730770968203,91.3730770968203,75.19955542986013,75.19955542986013,Correct
170.42792399371362,170.42792399371362,177.75054291301709,177.75054291301709,90.97246391784125,90.97246391784125,89.06366565315557,89.06366565315557,Correct
179.25510336525966,179.25510336525966,175.14692257057672,175.14692257057672,99.44564675410021,99.44564675410021,85.86358785246732,85.86358785246732,Correct
150.7855729783984,150.7855729783984,141.83361050907604,141.83361050907604,58.261140159189026,58.261140159189026,50.09671945387517,50.09671945387517,Incorrect
153.71361331827507,153.71361331827507,132.33107601967572,132.33107601967572,56.958195378354034,56.958195378354034,64.66560449604084,64.66560449604084,Incorrect
172.67045199977537,172.67045199977537,171.37508261944666,171.37508261944666,91.79542445873953,91.79542445873953,83.60994541649215,83.60994541649215,Correct
176.90241535444997,176.90241535444997,172.4325471607199,172.4325471607199,86.49207070797422,86.49207070797422,83.6748648505657,83.6748648505657,Correct
179.55381870982103,179.55381870982103,179.27778048065437,179.27778048065437,81.33652488600067,81.33652488600067,75.46908097362405,75.46908097362405,Correct
130.64033020742605,130.64033020742605,154.59440278530474,154.59440278530474,52.233976462970254,52.233976462970254,62.18631568762265,62.18631568762265,Incorrect
179.2253745170302,179.2253745170302,175.23696314919346,175.23696314919346,87.72148583727765,87.72148583727765,76.08019727323091,76.08019727323091,Correct
173.93755978927237,173.93755978927237,173.5362006141829,173.5362006141829,98.85621557694964,98.85621557694964,93.70868293024645,93.70868293024645,Correct
172.86371427540635,172.86371427540635,172.34574029457775,172.34574029457775,92.08287444172706,92.08287444172706,79.7302682173285,79.7302682173285,Correct
140.6652063254534,140.6652063254534,135.11963809772945,135.11963809772945,69.70770550278142,69.70770550278142,67.33813245933194,67.33813245933194,Incorrect
148.44519543719636,148.44519543719636,121.53647035696684,121.53647035696684,46.23172095681321,46.23172095681321,51.64887085830043,51.64887085830043,Incorrect
134.47949108506168,134.47949108506168,120.19337300523681,120.19337300523681,66.6391901306704,66.6391901306704,49.735844087101206,49.735844087101206,Incorrect
126.12466537574876,126.12466537574876,141.57494719675137,141.57494719675137,53.54898821349026,53.54898821349026,65.49969146890353,65.49969146890353,Incorrect
170.40860019946646,170.40860019946646,173.88221434551505,173.88221434551505,90.55957886053572,90.55957886053572,75.3206659737839,75.3206659737839,Correct
171.0877523523123,171.0877523523123,174.36848855086373,174.36848855086373,95.00365300070163,95.00365300070163,82.01141033994492,82.01141033994492,Correct
173.4977627537365,173.4977627537365,174.19736296256963,174.19736296256963,83.79341357487964,83.79341357487964,92.06981712119294,92.06981712119294,Correct
151.13561924942528,151.13561924942528,157.20613472376877,157.20613472376877,62.18578080931093,62.18578080931093,50.45634663445938,50.45634663445938,Incorrect
178.70988106013888,178.70988106013888,177.32606258387167,177.32606258387167,80.20106829272342,80.20106829272342,83.19782441807604,83.19782441807604,Correct
171.2818115221919,171.2818115221919,172.82911269602644,172.82911269602644,91.80915840076256,91.80915840076256,92.94051225141901,92.94051225141901,Correct
179.7771481634387,179.7771481634387,179.4243396070259,179.4243396070259,87.60470584875493,87.60470584875493,93.0888489436666,93.0888489436666,Correct
154.296444721321,154.296444721321,129.5144858247881,129.5144858247881,65.4448674366935,65.4448674366935,54.92540375209227,54.92540375209227,Incorrect
142.56066675350985,142.56066675350985,127.31040944767632,127.31040944767632,44.05676281402736,44.05676281402736,66.60235133316473,66.60235133316473,Incorrect
171.38956727945737,171.38956727945737,175.15463924386336,175.15463924386336,99.92572939285218,99.92572939285218,81.75159648680277,81.75159648680277,Correct
173.06046732820795,173.06046732820795,173.88924355274128,173.88924355274128,80.91596251630065,80.91596251630065,75.02098326893831,75.02098326893831,Correct
173.67319557006374,173.67319557006374,171.18797705068042,171.18797705068042,87.70670495058265,87.70670495058265,94.13666424646263,94.13666424646263,Correct
177.97268443171865,177.97268443171865,178.4742556393782,178.4742556393782,94.84571652333742,94.84571652333742,86.71065086423997,86.71065086423997,Correct
177.74020260880133,177.74020260880133,173.2437349473787,173.2437349473787,88.1864279551053,88.1864279551053,78.31774449310828,78.31774449310828,Correct
177.91507650555474,177.91507650555474,179.02708251399918,179.02708251399918,87.43814627794727,87.43814627794727,83.48896827862505,83.48896827862505,Correct
178.7121114905506,178.7121114905506,178.43958325882045,178.43958325882045,88.59787164601981,88.59787164601981,75.15853060377542,75.15853060377542,Correct
152.973314521699,152.973314521699,152.73346572259462,152.73346572259462,70.31812389023986,70.31812389023986,42.77511375494944,42.77511375494944,Incorrect
159.19548124905663,159.19548124905663,149.63750034876148,149.63750034876148,46.11219611003262,46.11219611003262,47.43179292377444,47.43179292377444,Incorrect
170.19626891539548,170.19626891539548,178.55829521451807,178.55829521451807,97.46878988655084,97.46878988655084,89.38256935214821,89.38256935214821,Correct
155.97699406728503,155.97699406728503,137.99173269298444,137.99173269298444,44.43896608654245,44.43896608654245,41.09947927175906,41.09947927175906,Incorrect
174.38279082226995,174.38279082226995,178.19141351505198,178.19141351505198,87.78324000175478,87.78324000175478,91.95126283074836,91.95126283074836,Correct
170.68656423127757,170.68656423127757,179.81468298907828,179.81468298907828,89.2093004521215,89.2093004521215,94.50606350209358,94.50606350209358,Correct
135.16095537863094,135.16095537863094,137.61716508208997,137.61716508208997,69.9488766081796,69.9488766081796,64.73798272672161,64.73798272672161,Incorrect
173.28662131667954,173.28662131667954,170.95815281071057,170.95815281071057,99.92666969632003,99.92666969632003,94.91605947139325,94.91605947139325,Correct
171.84277843970563,171.84277843970563,170.7402016585012,170.7402016585012,95.24594174632851,95.24594174632851,78.31888083164917,78.31888083164917,Correct
179.20381492315425,179.20381492315425,175.5997586195225,175.5997586195225,90.06250379681356,90.06250379681356,84.9990952644025,84.9990952644025,Correct
172.5639454886392,172.5639454886392,173.43422007725795,173.43422007725795,97.33454750895928,97.33454750895928,77.08026838455598,77.08026838455598,Correct
121.6592158388988,121.6592158388988,137.54789764908602,137.54789764908602,71.13181020060836,71.13181020060836,60.85950108839485,60.85950108839485,Incorrect
120.37816064218535,120.37816064218535,144.96739544711147,144.96739544711147,74.42176486434379,74.42176486434379,48.439604909938524,48.439604909938524,Incorrect
174.17080526882327,174.17080526882327,178.87420962658447,178.87420962658447,82.74686635011221,82.74686635011221,88.75856961941635,88.75856961941635,Correct
171.4774804101166,171.4774804101166,172.89005984682146,172.89005984682146,89.1911308498086,89.1911308498086,92.41735577177808,92.41735577177808,Correct
175.0842553156666,175.0842553156666,170.4675266625058,170.4675266625058,98.87107703116219,98.87107703116219,90.65619155287605,90.65619155287605,Correct
175.919108908279,175.919108908279,175.23009889652312,175.23009889652312,97.22467711727546,97.22467711727546,85.90229893800993,85.90229893800993,Correct
170.02246919152282,170.02246919152282,170.5557202066068,170.5557202066068,96.1214210677969,96.1214210677969,87.40738190180366,87.40738190180366,Correct
171.28867646799992,171.28867646799992,179.13640493448457,179.13640493448457,86.08401886651117,86.08401886651117,84.81258106324964,84.81258106324964,Correct
178.93446886418712,178.93446886418712,174.83420951477325,174.83420951477325,82.09696608400449,82.09696608400449,83.29628113839394,83.29628113839394,Correct
127.3370626449126,127.3370626449126,121.1002278512498,121.1002278512498,62.99284060539544,62.99284060539544,62.71935822897693,62.71935822897693,Incorrect
147.55484750402033,147.55484750402033,139.04734203311654,139.04734203311654,60.2362047493357,60.2362047493357,54.82919917483751,54.82919917483751,Incorrect
171.07881661544704,171.07881661544704,179.92691006029034,179.92691006029034,97.64740821618996,97.64740821618996,91.30554051260006,91.30554051260006,Correct
159.6086205638174,159.6086205638174,136.1267531916332,136.1267531916332,57.18946355829563,57.18946355829563,50.654075031047924,50.654075031047924,Incorrect
170.5277150282186,170.5277150282186,171.3550361679995,171.3550361679995,81.43117998178468,81.43117998178468,92.23527434027083,92.23527434027083,Correct
179.41234978779949,179.41234978779949,172.6455557086294,172.6455557086294,90.47595844393068,90.47595844393068,82.16450923004791,82.16450923004791,Correct
178.51296482982255,178.51296482982255,175.86631996778442,175.86631996778442,83.19072873889428,83.19072873889428,83.79477482905996,83.79477482905996,Correct
170.23327777561147,170.23327777561147,173.59978587934262,173.59978587934262,84.57980343646281,84.57980343646281,75.26991292555626,75.26991292555626,Correct
123.41694824558529,123.41694824558529,125.65604546031295,125.65604546031295,70.69801085353743,70.69801085353743,46.79857516398521,46.79857516398521,Incorrect
120.38362611231256,120.38362611231256,145.7685688763751,145.7685688763751,50.00878816553079,50.00878816553079,55.193297357546676,55.193297357546676,Incorrect
124.9864525442103,124.9864525442103,141.28323600285412,141.28323600285412,71.97068065531718,71.97068065531718,50.76350140318399,50.76350140318399,Incorrect
170.28915661178237,170.28915661178237,170.79520320495692,170.79520320495692,91.23328884489895,91.23328884489895,87.72896136314758,87.72896136314758,Correct
141.0651305819851,141.0651305819851,136.81924767652117,136.81924767652117,41.341042610214686,41.341042610214686,68.86812047556523,68.86812047556523,Incorrect
155.78711149540865,155.78711149540865,130.75842594417594,130.75842594417594,65.46171129789161,65.46171129789161,54.877601610463145,54.877601610463145,Incorrect
158.0311164784963,158.0311164784963,141.2630794797975,141.2630794797975,69.30183241026747,69.30183241026747,58.25484691539242,58.25484691539242,Incorrect
143.61939564461406,143.61939564461406,145.929719808303,145.929719808303,57.095305008082875,57.095305008082875,48.5127308512171,48.5127308512171,Incorrect
174.06076859517228,174.06076859517228,177.06935398260987,177.06935398260987,84.69116342672005,84.69116342672005,90.05240124981943,90.05240124981943,Correct
173.34721958870355,173.34721958870355,175.03549793860023,175.03549793860023,96.33547293735234,96.33547293735234,85.48511201918907,85.48511201918907,Correct
149.01980109476472,149.01980109476472,139.96955317852618,139.96955317852618,71.91557754096888,71.91557754096888,68.48381451674138,68.48381451674138,Incorrect
143.3544838241873,143.3544838241873,153.16644185498595,153.16644185498595,53.33237020935479,53.33237020935479,56.66299362357012,56.66299362357012,Incorrect
159.2447137827977,159.2447137827977,123.75175504490693,123.75175504490693,54.67128888133341,54.67128888133341,57.452332359780996,57.452332359780996,Incorrect
138.19020768036057,138.19020768036057,133.86107285859492,133.86107285859492,49.193728396934496,49.193728396934496,68.17053239441175,68.17053239441175,Incorrect
153.18641614084177,153.18641614084177,158.79372072550717,158.79372072550717,71.86697299697512,71.86697299697512,54.42389059031164,54.42389059031164,Incorrect
123.33075146648896,123.33075146648896,137.65199327386244,137.65199327386244,48.6601373433025,48.6601373433025,51.17622871129914,51.17622871129914,Incorrect
174.47831479000092,174.47831479000092,174.8017299041834,174.8017299041834,92.70821632601687,92.70821632601687,82.91321596182465,82.91321596182465,Correct
175.46255699967307,175.46255699967307,171.19197534953054,171.19197534953054,91.98641173214197,91.98641173214197,90.62172684880811,90.62172684880811,Correct
179.41136315232342,179.41136315232342,174.87515840271715,174.87515840271715,97.45679352337636,97.45679352337636,89.75695399535682,89.75695399535682,Correct
178.60704065635724,178.60704065635724,172.0760808640149,172.0760808640149,87.80714687976003,87.80714687976003,86.42446265777507,86.42446265777507,Correct
173.2680630034574,173.2680630034574,171.95673668009326,171.95673668009326,90.60024943827732,90.60024943827732,86.2703324615504,86.2703324615504,Correct
122.73639189937124,122.73639189937124,147.9166700944464,147.9166700944464,46.78604836749527,46.78604836749527,42.35183114086676,42.35183114086676,Incorrect
146.7862703877447,146.7862703877447,158.49019676511136,158.49019676511136,73.26132217274986,73.26132217274986,66.33975500265159,66.33975500265159,Incorrect
179.68292698163813,179.68292698163813,177.62817102391608,177.62817102391608,85.88024445324709,85.88024445324709,75.357663075961,75.357663075961,Correct
173.4228037429133,173.4228037429133,172.8178886489825,172.8178886489825,89.20035394721754,89.20035394721754,75.38624666557608,75.38624666557608,Correct
153.22562535087164,153.22562535087164,121.70593524740882,121.70593524740882,73.81853735988105,73.81853735988105,55.852873417396175,55.852873417396175,Incorrect
172.80021076204252,172.80021076204252,171.13415405849724,171.13415405849724,91.70691358929365,91.70691358929365,84.75080485430429,84.75080485430429,Correct
176.54427282564188,176.54427282564188,170.25240236156748,170.25240236156748,88.36360247327057,88.36360247327057,81.42532674359049,81.42532674359049,Correct
128.48725065314517,128.48725065314517,142.4881837584114,142.4881837584114,73.09264891426048,73.09264891426048,54.98569304554886,54.98569304554886,Incorrect
175.81095935900666,175.81095935900666,170.1994484046524,170.1994484046524,99.78174552542467,99.78174552542467,87.37169984087342,87.37169984087342,Correct
135.90986202542436,135.90986202542436,153.54380342875385,153.54380342875385,61.69432161070955,61.69432161070955,57.641708708870894,57.641708708870894,Incorrect
156.0591778900517,156.0591778900517,156.1038666937008,156.1038666937008,43.80332785906485,43.80332785906485,68.68541786228633,68.68541786228633,Incorrect
147.50298859937791,147.50298859937791,125.60399890148743,125.60399890148743,45.68382677933662,45.68382677933662,44.04373866152736,44.04373866152736,Incorrect
175.48906346512726,175.48906346512726,179.8344320659518,179.8344320659518,81.92578447140065,81.92578447140065,92.80452054543441,92.80452054543441,Correct
143.88551067804906,143.88551067804906,156.62075137128258,156.62075137128258,50.721736557060474,50.721736557060474,52.92378170991662,52.92378170991662,Incorrect
171.71013067887185,171.71013067887185,179.7295461263416,179.7295461263416,89.30545678866683,89.30545678866683,76.4430203605688,76.4430203605688,Correct
176.95691548872287,176.95691548872287,172.32039761760717,172.32039761760717,85.42200146185945,85.42200146185945,78.09477174476275,78.09477174476275,Correct
171.43510342388672,171.43510342388672,176.98115554768984,176.98115554768984,82.99159972694552,82.99159972694552,80.54660742124733,80.54660742124733,Correct
151.7781396615389,151.7781396615389,139.2847325237983,139.2847325237983,68.90670769108223,68.90670769108223,66.13298922622704,66.13298922622704,Incorrect
172.5025716943187,172.5025716943187,172.08805501567687,172.08805501567687,87.26262788615881,87.26262788615881,80.81224890056896,80.81224890056896,Correct
143.7393484906765,143.7393484906765,120.5087436083479,120.5087436083479,44.722043250695954,44.722043250695954,48.721879607813804,48.721879607813804,Incorrect
144.35814763103008,144.35814763103008,135.17353530368803,135.17353530368803,44.26169712198485,44.26169712198485,46.1354926609419,46.1354926609419,Incorrect
174.5269505279625,174.5269505279625,170.7427079389685,170.7427079389685,93.36902227298,93.36902227298,81.07785271435998,81.07785271435998,Correct
178.8134473136717,178.8134473136717,171.7616702155714,171.7616702155714,95.88217870982086,95.88217870982086,79.52649405088187,79.52649405088187,Correct
171.36107236588123,171.36107236588123,177.0349593156678,177.0349593156678,96.66060700589205,96.66060700589205,89.99106845794094,89.99106845794094,Correct
171.17051968887154,171.17051968887154,178.53430440826776,178.53430440826776,94.46261667232474,94.46261667232474,87.0876618632596,87.0876618632596,Correct
178.38512242506155,178.38512242506155,177.76949159860928,177.76949159860928,94.33632238589405,94.33632238589405,84.47591445699047,84.47591445699047,Correct
153.01721949689232,153.01721949689232,125.47577785968846,125.47577785968846,50.57575611264193,50.57575611264193,46.16948672028946,46.16948672028946,Incorrect
120.34650626995706,120.34650626995706,136.6421010771566,136.6421010771566,50.528633978655,50.528633978655,61.27697340718327,61.27697340718327,Incorrect
174.0012861332562,174.0012861332562,178.95796458536984,178.95796458536984,93.0800752038962,93.0800752038962,88.41711908205488,88.41711908205488,Correct
136.45476125271838,136.45476125271838,123.87503846481762,123.87503846481762,46.07696861995733,46.07696861995733,47.92938466746653,47.92938466746653,Incorrect
155.37733706182877,155.37733706182877,126.79019380140001,126.79019380140001,67.19782190969477,67.19782190969477,40.56641335267404,40.56641335267404,Incorrect
144.42642675222987,144.42642675222987,132.1982202448442,132.1982202448442,42.315183290252705,42.315183290252705,49.78193497761747,49.78193497761747,Incorrect
172.44919682356348,172.44919682356348,173.93801249871126,173.93801249871126,82.7886733446073,82.7886733446073,79.88278321696646,79.88278321696646,Correct
179.7752035673431,179.7752035673431,176.08075094915188,176.08075094915188,96.81813056207992,96.81813056207992,81.84467900026125,81.84467900026125,Correct
173.27874310999366,173.27874310999366,174.0564639375848,174.0564639375848,90.04940126000241,90.04940126000241,83.05997863494864,83.05997863494864,Correct
173.90785610498105,173.90785610498105,177.45123116109448,177.45123116109448,83.41513657602687,83.41513657602687,86.84519799549365,86.84519799549365,Correct
120.52108020869878,120.52108020869878,130.6582816771339,130.6582816771339,61.66059703149611,61.66059703149611,69.54125395749757,69.54125395749757,Incorrect
152.19128728712752,152.19128728712752,130.3546251346208,130.3546251346208,53.2843938308187,53.2843938308187,53.22573077016669,53.22573077016669,Incorrect
178.06586602465566,178.06586602465566,179.75607633315286,179.75607633315286,89.18501558865269,89.18501558865269,90.70868369032374,90.70868369032374,Correct
155.61517155780908,155.61517155780908,158.9213216993423,158.9213216993423,70.91872670472293,70.91872670472293,63.73738833190268,63.73738833190268,Incorrect
178.83236074437002,178.83236074437002,177.5105173155019,177.5105173155019,93.18005854847064,93.18005854847064,79.06587961966784,79.06587961966784,Correct
145.47382804178488,145.47382804178488,143.83919523373788,143.83919523373788,45.43708754684091,45.43708754684091,54.57749985540943,54.57749985540943,Incorrect
150.178990081053,150.178990081053,129.04084889198805,129.04084889198805,56.8604949823394,56.8604949823394,58.29742329896273,58.29742329896273,Incorrect
179.34884508213722,179.34884508213722,170.7426920746084,170.7426920746084,96.74713175718254,96.74713175718254,85.70227041235928,85.70227041235928,Correct
172.8491641566476,172.8491641566476,171.4124088262731,171.4124088262731,92.74162745460134,92.74162745460134,92.77858324535254,92.77858324535254,Correct
177.06597380973827,177.06597380973827,174.6960731552961,174.6960731552961,93.70304418528802,93.70304418528802,92.15835041609203,92.15835041609203,Correct
138.85023986944003,138.85023986944003,151.0110298783504,151.0110298783504,73.08145013203676,73.08145013203676,43.400208308301025,43.400208308301025,Incorrect
179.48796124284544,179.48796124284544,170.38506454651932,170.38506454651932,84.80039974357992,84.80039974357992,89.87890217669747,89.87890217669747,Correct
173.21471331172535,173.21471331172535,177.69270907848875,177.69270907848875,91.32960666624138,91.32960666624138,86.66774462553194,86.66774462553194,Correct
177.3326384282534,177.3326384282534,179.5635416765661,179.5635416765661,87.97087099580106,87.97087099580106,88.91019773845258,88.91019773845258,Correct
173.45125781211826,173.45125781211826,177.78495243377,177.78495243377,96.35731567321913,96.35731567321913,78.24726364280467,78.24726364280467,Correct
148.02926276321284,148.02926276321284,150.3349257262774,150.3349257262774,54.701014415453656,54.701014415453656,42.02690718483864,42.02690718483864,Incorrect
142.7443475507706,142.7443475507706,136.42161453494458,136.42161453494458,61.77756795523749,61.77756795523749,48.20223205120402,48.20223205120402,Incorrect
174.34195250739393,174.34195250739393,172.6706785349154,172.6706785349154,82.71568457439176,82.71568457439176,93.2021673183265,93.2021673183265,Correct
125.95445319336604,125.95445319336604,124.01480133713704,124.01480133713704,44.08631047707712,44.08631047707712,56.388354709068125,56.388354709068125,Incorrect
155.08744136693252,155.08744136693252,147.9310252515362,147.9310252515362,54.39427341669624,54.39427341669624,62.44406829302269,62.44406829302269,Incorrect
131.4443431586111,131.4443431586111,153.83620175450005,153.83620175450005,47.873568933455395,47.873568933455395,55.71737982013408,55.71737982013408,Incorrect
172.49424947080604,172.49424947080604,179.76953933300314,179.76953933300314,82.85226453090101,82.85226453090101,85.8323499971199,85.8323499971199,Correct
130.08268903071877,130.08268903071877,131.32303116573593,131.32303116573593,48.59386987047559,48.59386987047559,47.69844988800476,47.69844988800476,Incorrect
170.8821601993081,170.8821601993081,172.72010948461119,172.72010948461119,90.75617531939346,90.75617531939346,76.0303839647666,76.0303839647666,Correct
143.95831759748978,143.95831759748978,125.76684515619964,125.76684515619964,46.91609533448205,46.91609533448205,65.32789475462708,65.32789475462708,Incorrect
155.91800109005572,155.91800109005572,156.90209640903905,156.90209640903905,43.93462692424368,43.93462692424368,63.42545865278542,63.42545865278542,Incorrect
174.98908009965348,174.98908009965348,174.92033131266064,174.92033131266064,91.6013888610157,91.6013888610157,79.12259797683079,79.12259797683079,Correct
172.9536244540819,172.9536244540819,179.33568369668404,179.33568369668404,87.56284510033994,87.56284510033994,92.41325843163908,92.41325843163908,Correct
174.8707552592434,174.8707552592434,170.74261507335632,170.74261507335632,90.38853001342761,90.38853001342761,83.68274385939289,83.68274385939289,Correct
171.18369009323544,171.18369009323544,172.83273987229683,172.83273987229683,87.90666571896799,87.90666571896799,93.08496145826037,93.08496145826037,Correct
130.2757770124749,130.2757770124749,151.76464767910295,151.76464767910295,68.64776616161741,68.64776616161741,63.794430721594765,63.794430721594765,Incorrect
174.63710944071232,174.63710944071232,176.29315479725938,176.29315479725938,83.83637735800362,83.83637735800362,80.44661367124641,80.44661367124641,Correct
124.66695787193663,124.66695787193663,130.31798443374916,130.31798443374916,72.86549635163128,72.86549635163128,64.25632547461906,64.25632547461906,Incorrect
146.53952651251882,146.53952651251882,133.51459805968474,133.51459805968474,45.344287659680916,45.344287659680916,48.6580562756047,48.6580562756047,Incorrect
124.29880679741758,124.29880679741758,137.08222258742498,137.08222258742498,47.90612016050144,47.90612016050144,69.98854213611517,69.98854213611517,Incorrect
171.78114543845254,171.78114543845254,174.8037862891085,174.8037862891085,99.29504382665336,99.29504382665336,77.8803384538865,77.8803384538865,Correct
178.2158874311191,178.2158874311191,175.60501321341164,175.60501321341164,80.79515756631334,80.79515756631334,80.79685111145436,80.79685111145436,Correct
172.70936073945987,172.70936073945987,173.1281721458203,173.1281721458203,82.41508702187097,82.41508702187097,88.57704085722841,88.57704085722841,Correct
170.58487645166701,170.58487645166701,172.63721996545834,172.63721996545834,95.03981992297801,95.03981992297801,77.38507629398815,77.38507629398815,Correct
143.53788670875778,143.53788670875778,131.65440281151663,131.65440281151663,42.09346007975883,42.09346007975883,42.32846723898897,42.32846723898897,Incorrect
174.21999330719905,174.21999330719905,172.24653378469523,172.24653378469523,93.87540127140983,93.87540127140983,83.2313868197298,83.2313868197298,Correct
172.3219113944276,172.3219113944276,172.46156807262992,172.46156807262992,99.67215290247462,99.67215290247462,87.33699834761735,87.33699834761735,Correct
158.73391266744477,158.73391266744477,121.866332320462,121.866332320462,55.11199425200155,55.11199425200155,49.00192322825343,49.00192322825343,Incorrect
132.4958501455195,132.4958501455195,157.487161402683,157.487161402683,66.50181970988754,66.50181970988754,44.079896045176845,44.079896045176845,Incorrect
172.98412108036882,172.98412108036882,175.90648928660747,175.90648928660747,88.97902915872316,88.97902915872316,88.74569848868765,88.74569848868765,Correct
170.61204324034287,170.61204324034287,177.79309927827694,177.79309927827694,88.71771827846435,88.71771827846435,91.67863096527543,91.67863096527543,Correct
139.4821440526196,139.4821440526196,143.1245402503185,143.1245402503185,44.00587508373814,44.00587508373814,61.887029534980286,61.887029534980286,Incorrect
170.70308623638516,170.70308623638516,178.4632400412413,178.4632400412413,97.08489876704185,97.08489876704185,80.59312271621823,80.59312271621823,Correct
179.05379539439656,179.05379539439656,170.13693883975614,170.13693883975614,99.95352231017816,99.95352231017816,92.64495873115028,92.64495873115028,Correct
178.33745936484715,178.33745936484715,173.8013277131741,173.8013277131741,87.62846360898983,87.62846360898983,94.9914974587442,94.9914974587442,Correct
124.72721689688814,124.72721689688814,159.30980125364414,159.30980125364414,41.06076298383991,41.06076298383991,44.74614629539742,44.74614629539742,Incorrect
174.69524568851696,174.69524568851696,173.6177286806617,173.6177286806617,88.60723963827014,88.60723963827014,94.91376381748644,94.91376381748644,Correct
130.78408646271572,130.78408646271572,132.32247897938174,132.32247897938174,62.36722970596462,62.36722970596462,65.09912991746413,65.09912991746413,Incorrect
175.68240903035218,175.68240903035218,175.71269647896148,175.71269647896148,95.92694037771926,95.92694037771926,83.39658786632977,83.39658786632977,Correct
143.95058209655625,143.95058209655625,120.36571249513094,120.36571249513094,44.0334416275724,44.0334416275724,42.92289987781233,42.92289987781233,Incorrect
126.72720068049288,126.72720068049288,147.34928701415433,147.34928701415433,55.05884734831166,55.05884734831166,65.4674114630634,65.4674114630634,Incorrect
137.0209005818738,137.0209005818738,140.4245845416634,140.4245845416634,73.56169178934329,73.56169178934329,59.92951052233577,59.92951052233577,Incorrect
137.06375252331352,137.06375252331352,148.73643928717223,148.73643928717223,63.81308743156491,63.81308743156491,62.763022774224765,62.763022774224765,Incorrect
137.3150212028595,137.3150212028595,123.8886721795505,123.8886721795505,40.1206012962151,40.1206012962151,43.302415644774946,43.302415644774946,Incorrect
170.14570053170377,170.14570053170377,174.26370032699785,174.26370032699785,83.80952067942135,83.80952067942135,76.70505617076428,76.70505617076428,Correct
172.4069402218713,172.4069402218713,174.02633571186797,174.02633571186797,81.95464957223494,81.95464957223494,92.25167520611556,92.25167520611556,Correct
170.63663461623844,170.63663461623844,175.0848801676375,175.0848801676375,92.17593337591866,92.17593337591866,87.50284530703817,87.50284530703817,Correct
172.54430126401581,172.54430126401581,176.28102762000375,176.28102762000375,91.73841084615397,91.73841084615397,76.83233607170763,76.83233607170763,Correct
175.18298581362006,175.18298581362006,179.4361252401361,179.4361252401361,82.1354444172192,82.1354444172192,78.6662211717375,78.6662211717375,Correct
176.03080823851764,176.03080823851764,177.37563047638446,177.37563047638446,83.48171703398074,83.48171703398074,81.89788241063668,81.89788241063668,Correct
171.6907561497401,171.6907561497401,174.87383219326415,174.87383219326415,92.0785057863794,92.0785057863794,89.3258413203428,89.3258413203428,Correct
123.53781924669187,123.53781924669187,137.41378981023868,137.41378981023868,52.84915780192286,52.84915780192286,51.36711252692692,51.36711252692692,Incorrect
176.48174954397928,176.48174954397928,170.88698731337487,170.88698731337487,92.74193253222585,92.74193253222585,89.23639682902697,89.23639682902697,Correct
175.5821659727475,175.5821659727475,179.34805413614268,179.34805413614268,86.84123683706137,86.84123683706137,77.81478901382275,77.81478901382275,Correct
170.45782936019538,170.45782936019538,173.32742090565534,173.32742090565534,90.42410296181657,90.42410296181657,80.66978688231147,80.66978688231147,Correct
173.1095431895795,173.1095431895795,177.61571940545466,177.61571940545466,85.833421624231,85.833421624231,91.60489015669017,91.60489015669017,Correct
179.0881265817734,179.0881265817734,174.21136183977242,174.21136183977242,83.20370569258758,83.20370569258758,87.07356750894571,87.07356750894571,Correct
176.18442364528764,176.18442364528764,170.73991758717563,170.73991758717563,84.09764935782478,84.09764935782478,83.15213851302367,83.15213851302367,Correct
176.8312873070465,176.8312873070465,176.47631096764175,176.47631096764175,82.1357618058266,82.1357618058266,83.11148168976878,83.11148168976878,Correct
120.61683687896256,120.61683687896256,127.54137859654226,127.54137859654226,74.52617263291498,74.52617263291498,69.47627566050446,69.47627566050446,Incorrect
152.12551172892063,152.12551172892063,141.26902860600455,141.26902860600455,61.25287056478084,61.25287056478084,51.413790439743046,51.413790439743046,Incorrect
159.03752001145222,159.03752001145222,121.70500221692852,121.70500221692852,45.17712446949679,45.17712446949679,66.88836620272265,66.88836620272265,Incorrect
135.72823168408388,135.72823168408388,146.7048701934917,146.7048701934917,50.38352981337198,50.38352981337198,57.279391087831485,57.279391087831485,Incorrect
173.43064122801525,173.43064122801525,179.53014506825127,179.53014506825127,87.78576297709364,87.78576297709364,75.35514687465994,75.35514687465994,Correct
170.34622987112013,170.34622987112013,173.9289464412,173.9289464412,83.01677693033386,83.01677693033386,87.19614570895624,87.19614570895624,Correct
120.14052904609902,120.14052904609902,121.47400034222295,121.47400034222295,65.3821476322297,65.3821476322297,57.221821763301875,57.221821763301875,Incorrect
137.65878566119426,137.65878566119426,151.71976361749105,151.71976361749105,43.83957902822181,43.83957902822181,59.1783291630252,59.1783291630252,Incorrect
172.40476408008524,172.40476408008524,174.47963542287548,174.47963542287548,87.06326286522997,87.06326286522997,93.95568846911573,93.95568846911573,Correct
177.1632922569598,177.1632922569598,174.791501652034,174.791501652034,95.43931444480376,95.43931444480376,85.47298774177999,85.47298774177999,Correct
132.7935118932456,132.7935118932456,144.95806207075927,144.95806207075927,66.48895513618072,66.48895513618072,42.80095371466719,42.80095371466719,Incorrect
153.33982723893664,153.33982723893664,152.86500929898,152.86500929898,63.655720133388655,63.655720133388655,53.297688043213086,53.297688043213086,Incorrect
141.19600253471066,141.19600253471066,129.80175539146862,129.80175539146862,55.49345236636063,55.49345236636063,60.48902731124144,60.48902731124144,Incorrect
176.8927670270198,176.8927670270198,171.06506144719881,171.06506144719881,93.27838861693425,93.27838861693425,80.78485722176744,80.78485722176744,Correct
175.27852774040787,175.27852774040787,171.28425735785163,171.28425735785163,96.48408486814648,96.48408486814648,90.34127005527901,90.34127005527901,Correct
157.12502115260855,157.12502115260855,134.30943157808193,134.30943157808193,48.90828984553949,48.90828984553949,46.76514237622193,46.76514237622193,Incorrect
147.73553741639162,147.73553741639162,148.87911227289305,148.87911227289305,69.66004306096897,69.66004306096897,65.6186981970971,65.6186981970971,Incorrect
174.5266141799572,174.5266141799572,171.47437694612196,171.47437694612196,89.30482323128378,89.30482323128378,94.984645950231,94.984645950231,Correct
175.5066780635127,175.5066780635127,171.61936542140742,171.61936542140742,99.45812727023122,99.45812727023122,83.4485658843369,83.4485658843369,Correct
174.05175074316224,174.05175074316224,174.98247919461747,174.98247919461747,95.18528631287138,95.18528631287138,79.33572862870729,79.33572862870729,Correct
171.97013195525273,171.97013195525273,172.58099934754995,172.58099934754995,97.37990880994165,97.37990880994165,86.33070488868756,86.33070488868756,Correct
170.39592339706854,170.39592339706854,176.57730761573697,176.57730761573697,98.39678085241982,98.39678085241982,91.5402930709603,91.5402930709603,Correct
149.54196934039402,149.54196934039402,121.81250827023442,121.81250827023442,66.93603329959787,66.93603329959787,68.75241421240293,68.75241421240293,Incorrect
150.79798232681276,150.79798232681276,143.75212569776696,143.75212569776696,59.716238116935244,59.716238116935244,61.14124652051353,61.14124652051353,Incorrect
134.10792259192667,134.10792259192667,148.8054559022901,148.8054559022901,55.93895008795863,55.93895008795863,54.92669269380022,54.92669269380022,Incorrect
171.0449892788394,171.0449892788394,177.43584781883064,177.43584781883064,86.90941221329028,86.90941221329028,94.62094228448898,94.62094228448898,Correct
151.01715804873496,151.01715804873496,156.37688205089887,156.37688205089887,53.07393379605172,53.07393379605172,63.29408833222453,63.29408833222453,Incorrect
174.5926860657855,174.5926860657855,171.28116774606025,171.28116774606025,84.621481431302,84.621481431302,92.5714954845557,92.5714954845557,Correct
158.8172993872838,158.8172993872838,135.75390294068941,135.75390294068941,42.53694870252898,42.53694870252898,62.41244005636031,62.41244005636031,Incorrect
140.20522975741488,140.20522975741488,133.2979069831831,133.2979069831831,50.62053583962548,50.62053583962548,46.72870351614772,46.72870351614772,Incorrect
155.3632833112187,155.3632833112187,128.33359024036685,128.33359024036685,60.504336909212995,60.504336909212995,64.26752435685499,64.26752435685499,Incorrect
140.33398929812952,140.33398929812952,155.7101598904901,155.7101598904901,50.052668689103406,50.052668689103406,65.1433291926463,65.1433291926463,Incorrect
170.8481791420411,170.8481791420411,173.24815446562297,173.24815446562297,97.74873087357113,97.74873087357113,77.02942856921015,77.02942856921015,Correct
172.59357966004657,172.59357966004657,176.04408004105017,176.04408004105017,84.3257840866068,84.3257840866068,84.52259861806417,84.52259861806417,Correct
142.68938445144934,142.68938445144934,144.7017393062277,144.7017393062277,57.41913149643641,57.41913149643641,58.73521318942834,58.73521318942834,Incorrect
133.54186134882372,133.54186134882372,121.0947028892642,121.0947028892642,61.9281358043543,61.9281358043543,48.50249692163895,48.50249692163895,Incorrect
156.72299797907692,156.72299797907692,136.52239264547387,136.52239264547387,46.05973622882853,46.05973622882853,59.2781680119227,59.2781680119227,Incorrect
175.74878177258438,175.74878177258438,179.40106431034465,179.40106431034465,96.88905704468435,96.88905704468435,84.49289151879304,84.49289151879304,Correct
136.50206764876887,136.50206764876887,130.73731950170526,130.73731950170526,51.85974236048706,51.85974236048706,64.31154952827862,64.31154952827862,Incorrect
133.74124264126118,133.74124264126118,156.58963461751512,156.58963461751512,52.24741930171396,52.24741930171396,69.0091374623835,69.0091374623835,Incorrect
174.77768112932688,174.77768112932688,171.09899494222736,171.09899494222736,92.2314447263708,92.2314447263708,75.8230591987096,75.8230591987096,Correct
136.73064125924014,136.73064125924014,142.83280185018495,142.83280185018495,72.25737088270662,72.25737088270662,54.31365067144196,54.31365067144196,Incorrect
141.65022342938005,141.65022342938005,136.8498982469446,136.8498982469446,44.588634153050954,44.588634153050954,45.50548549943794,45.50548549943794,Incorrect
126.99939598420445,126.99939598420445,121.9151466460437,121.9151466460437,72.4211101447477,72.4211101447477,46.033703282685785,46.033703282685785,Incorrect
121.52540733891263,121.52540733891263,124.65756419711323,124.65756419711323,63.60557065911808,63.60557065911808,43.85946806200367,43.85946806200367,Incorrect
171.65993255769305,171.65993255769305,173.64009377272077,173.64009377272077,97.00721458829446,97.00721458829446,79.34483427187149,79.34483427187149,Correct
131.415801840843,131.415801840843,143.59743649093184,143.59743649093184,43.10515606996618,43.10515606996618,49.99893313709451,49.99893313709451,Incorrect
174.89195805660287,174.89195805660287,178.95509268083543,178.95509268083543,98.02421346599101,98.02421346599101,93.47394041550551,93.47394041550551,Correct
127.94188913768484,127.94188913768484,146.93415074865456,146.93415074865456,62.365373005075995,62.365373005075995,54.312792822042006,54.312792822042006,Incorrect
146.60998600376502,146.60998600376502,130.64806696736537,130.64806696736537,48.74430018403053,48.74430018403053,50.11881036474758,50.11881036474758,Incorrect
126.32367917788915,126.32367917788915,156.6563816925257,156.6563816925257,46.543570659874646,46.543570659874646,57.92561503623911,57.92561503623911,Incorrect
178.52693254744187,178.52693254744187,171.1046454814156,171.1046454814156,87.68534513474712,87.68534513474712,84.87789480916325,84.87789480916325,Correct
179.04040655555002,179.04040655555002,170.1242889331286,170.1242889331286,82.51912439911248,82.51912439911248,87.37980600291631,87.37980600291631,Correct
170.9758486064434,170.9758486064434,179.65607122443663,179.65607122443663,91.52413156100822,91.52413156100822,88.05221476444301,88.05221476444301,Correct
170.01854591108233,170.01854591108233,174.2248856491607,174.2248856491607,84.1536095701579,84.1536095701579,81.06678835350482,81.06678835350482,Correct
122.56843742707177,122.56843742707177,144.00559509868106,144.00559509868106,53.203747318083614,53.203747318083614,56.710646801063085,56.710646801063085,Incorrect
172.56113890027856,172.56113890027856,171.45594731010118,171.45594731010118,87.07451750589068,87.07451750589068,78.97569276303062,78.97569276303062,Correct
136.34576462804438,136.34576462804438,131.8980756615212,131.8980756615212,45.577286534571755,45.577286534571755,66.36566104943707,66.36566104943707,Incorrect
177.40431380056788,177.40431380056788,173.89241372337398,173.89241372337398,85.56053563191037,85.56053563191037,81.1115022352555,81.1115022352555,Correct
153.81186421275606,153.81186421275606,155.09187608923983,155.09187608923983,47.86757793143236,47.86757793143236,62.59200707315621,62.59200707315621,Incorrect
122.43617000721531,122.43617000721531,144.31491903351923,144.31491903351923,48.54908826757943,48.54908826757943,46.989463570646535,46.989463570646535,Incorrect
120.85977936214624,120.85977936214624,154.28568161638802,154.28568161638802,62.88939595033801,62.88939595033801,45.1560002294187,45.1560002294187,Incorrect
172.9751987908597,172.9751987908597,172.3369345663956,172.3369345663956,91.95483869776837,91.95483869776837,90.18426144617142,90.18426144617142,Correct
170.59925312099173,170.59925312099173,170.02143852692166,170.02143852692166,94.08814348745854,94.08814348745854,80.19089857306385,80.19089857306385,Correct
126.70283727019951,126.70283727019951,152.00257056687366,152.00257056687366,67.41048581419892,67.41048581419892,51.19509994130941,51.19509994130941,Incorrect
130.29794665599522,130.29794665599522,128.59809358187306,128.59809358187306,40.47668304991312,40.47668304991312,57.28390646108238,57.28390646108238,Incorrect
179.7718123344323,179.7718123344323,171.49914154758568,171.49914154758568,88.02389876592227,88.02389876592227,85.92946274206271,85.92946274206271,Correct
137.67823464157135,137.67823464157135,130.58949336511856,130.58949336511856,66.63909961448987,66.63909961448987,45.02909327907957,45.02909327907957,Incorrect
176.044120483631,176.044120483631,172.74739631929927,172.74739631929927,93.83880332028923,93.83880332028923,79.18678032581059,79.18678032581059,Correct
135.51697093578275,135.51697093578275,154.0000993007586,154.0000993007586,69.02660211313395,69.02660211313395,44.3084715893259,44.3084715893259,Incorrect
144.9516534711167,144.9516534711167,137.85192810349986,137.85192810349986,49.67116015843729,49.67116015843729,66.08684932683948,66.08684932683948,Incorrect
176.9737077955883,176.9737077955883,176.14296893922074,176.14296893922074,96.3668629516342,96.3668629516342,81.20511918832901,81.20511918832901,Correct
133.92119388375994,133.92119388375994,137.13611589457523,137.13611589457523,41.818215880531284,41.818215880531284,54.44743995381444,54.44743995381444,Incorrect
172.50165141246072,172.50165141246072,173.82252585270157,173.82252585270157,80.04385823348733,80.04385823348733,81.38657862493103,81.38657862493103,Correct
154.117093644051,154.117093644051,120.5337339233107,120.5337339233107,56.17654277529832,56.17654277529832,62.008815336786185,62.008815336786185,Incorrect
174.52694581071577,174.52694581071577,173.76663239052044,173.76663239052044,84.13042935239535,84.13042935239535,78.55224071297039,78.55224071297039,Correct
151.26910501935467,151.26910501935467,143.23382000661613,143.23382000661613,67.21058371103135,67.21058371103135,57.47292019602103,57.47292019602103,Incorrect
157.03412463814658,157.03412463814658,135.834808239906,135.834808239906,56.060338501230916,56.060338501230916,68.39015500265852,68.39015500265852,Incorrect
138.4384725422505,138.4384725422505,143.03342795501183,143.03342795501183,68.14582030478158,68.14582030478158,50.96157199272634,50.96157199272634,Incorrect
145.889572264092,145.889572264092,158.1451327382823,158.1451327382823,44.66462218967277,44.66462218967277,52.851747024747176,52.851747024747176,Incorrect
153.45056661704373,153.45056661704373,133.10524046330562,133.10524046330562,57.84606982170163,57.84606982170163,41.64485993350047,41.64485993350047,Incorrect
177.76232667435724,177.76232667435724,172.13497310107851,172.13497310107851,81.34883512049026,81.34883512049026,78.9933469408839,78.9933469408839,Correct
130.62896059798337,130.62896059798337,155.53053156146177,155.53053156146177,55.69345065804419,55.69345065804419,60.5157603823108,60.5157603823108,Incorrect
121.92401342985481,121.92401342985481,124.49314718199457,124.49314718199457,72.31197650509719,72.31197650509719,46.53864891997668,46.53864891997668,Incorrect
171.28093848336306,171.28093848336306,178.7911594115817,178.7911594115817,96.10006515161902,96.10006515161902,88.24198886799601,88.24198886799601,Correct
177.59438436274525,177.59438436274525,175.00210132949334,175.00210132949334,84.68715432333906,84.68715432333906,86.89380347904091,86.89380347904091,Correct
175.69410228235404,175.69410228235404,177.10503697081663,177.10503697081663,91.6189014793897,91.6189014793897,80.38288651420969,80.38288651420969,Correct
150.19462230857388,150.19462230857388,154.19948686694684,154.19948686694684,53.29045780431552,53.29045780431552,62.4598797191062,62.4598797191062,Incorrect
128.0251530700112,128.0251530700112,149.88378936143698,149.88378936143698,43.335793258992496,43.335793258992496,46.19003617759249,46.19003617759249,Incorrect
142.8938157371234,142.8938157371234,129.61174592553175,129.61174592553175,56.70075222844463,56.70075222844463,63.07213471216626,63.07213471216626,Incorrect
173.90530181678378,173.90530181678378,170.84011230209228,170.84011230209228,91.55151085512975,91.55151085512975,85.13839751190147,85.13839751190147,Correct
173.84768464709953,173.84768464709953,172.34474350687722,172.34474350687722,88.39106150374826,88.39106150374826,76.90526305888886,76.90526305888886,Correct
174.04746658261882,174.04746658261882,172.94029953063273,172.94029953063273,86.57698268063142,86.57698268063142,81.1818348549137,81.1818348549137,Correct
141.82942892244924,141.82942892244924,138.1575229796949,138.1575229796949,70.14172635524923,70.14172635524923,59.273575425877205,59.273575425877205,Incorrect
176.59103069266885,176.59103069266885,176.72917134531406,176.72917134531406,94.05724860710507,94.05724860710507,77.02140592552446,77.02140592552446,Correct
172.1850999038446,172.1850999038446,177.52194604086932,177.52194604086932,82.1528259177915,82.1528259177915,94.6921867062839,94.6921867062839,Correct
144.48759456378772,144.48759456378772,146.2490701023201,146.2490701023201,62.17843328720221,62.17843328720221,55.03750562835499,55.03750562835499,Incorrect
178.5919861582394,178.5919861582394,173.63824522840227,173.63824522840227,85.24873073042166,85.24873073042166,91.52346684567009,91.52346684567009,Correct
142.68779221444075,142.68779221444075,135.44901227100397,135.44901227100397,57.550887558275136,57.550887558275136,65.00897654122825,65.00897654122825,Incorrect
172.60295122943856,172.60295122943856,174.8548985281645,174.8548985281645,90.7608961046627,90.7608961046627,93.94246599466388,93.94246599466388,Correct
171.59319798531308,171.59319798531308,176.87162657240484,176.87162657240484,98.41290284509127,98.41290284509127,75.87393795373286,75.87393795373286,Correct
173.43665016247576,173.43665016247576,170.92669144209924,170.92669144209924,81.3764460334954,81.3764460334954,81.06849785856352,81.06849785856352,Correct
171.26439291138075,171.26439291138075,178.83228908808496,178.83228908808496,99.17019597367891,99.17019597367891,91.20879917511299,91.20879917511299,Correct
179.3655928601554,179.3655928601554,178.84582457011737,178.84582457011737,94.2103829349287,94.2103829349287,81.77419464387721,81.77419464387721,Correct
150.82909322633043,150.82909322633043,131.68513769818676,131.68513769818676,64.58992787096028,64.58992787096028,57.955798952394765,57.955798952394765,Incorrect
171.71127455130147,171.71127455130147,173.84877752423935,173.84877752423935,82.01733824473658,82.01733824473658,91.7162247074079,91.7162247074079,Correct
174.36139333363968,174.36139333363968,176.63410528688283,176.63410528688283,84.34568350705447,84.34568350705447,86.47526435124325,86.47526435124325,Correct
172.06829711237722,172.06829711237722,171.69834679976947,171.69834679976947,80.08551362402692,80.08551362402692,88.29212510594323,88.29212510594323,Correct
131.75851082587752,131.75851082587752,122.08652141366679,122.08652141366679,47.83474892881634,47.83474892881634,40.904757308012414,40.904757308012414,Incorrect
139.95743181758212,139.95743181758212,139.12620792704698,139.12620792704698,46.643743852703885,46.643743852703885,68.19678040861805,68.19678040861805,Incorrect
148.79171643551723,148.79171643551723,132.73987855952498,132.73987855952498,49.06647503934283,49.06647503934283,53.236296151120655,53.236296151120655,Incorrect
172.450550833579,172.450550833579,179.66854512785275,179.66854512785275,97.31831210329251,97.31831210329251,91.92846883016571,91.92846883016571,Correct
153.91743954122268,153.91743954122268,159.91084113955353,159.91084113955353,47.60655345547388,47.60655345547388,64.63915590042643,64.63915590042643,Incorrect
121.93689957306643,121.93689957306643,121.14657237910284,121.14657237910284,50.446751679429944,50.446751679429944,48.38497167429624,48.38497167429624,Incorrect
122.08048527931184,122.08048527931184,159.47794869750976,159.47794869750976,66.74878777343125,66.74878777343125,46.71451100510728,46.71451100510728,Incorrect
175.4263725512461,175.4263725512461,171.6840075929873,171.6840075929873,87.21620275653893,87.21620275653893,78.11908704451112,78.11908704451112,Correct
176.39894041499826,176.39894041499826,170.14512331274355,170.14512331274355,97.38517476185595,97.38517476185595,86.64149330408348,86.64149330408348,Correct
173.01727120482815,173.01727120482815,172.70506792218117,172.70506792218117,89.14983481868796,89.14983481868796,83.92435911000639,83.92435911000639,Correct
130.37235928158418,130.37235928158418,127.14266975796234,127.14266975796234,56.92044906931964,56.92044906931964,47.90549584282196,47.90549584282196,Incorrect
173.62817061924267,173.62817061924267,178.68006450161428,178.68006450161428,98.38802956046014,98.38802956046014,82.63055724553261,82.63055724553261,Correct
143.58621313479074,143.58621313479074,146.42213100028164,146.42213100028164,53.78121925691667,53.78121925691667,53.27987579211877,53.27987579211877,Incorrect
134.43302982768998,134.43302982768998,157.0024766750285,157.0024766750285,58.005163202653165,58.005163202653165,69.4428094042551,69.4428094042551,Incorrect
174.86286700446044,174.86286700446044,177.76254993335274,177.76254993335274,99.75590488176806,99.75590488176806,75.21088201357165,75.21088201357165,Correct
175.36138776409072,175.36138776409072,173.06587427644757,173.06587427644757,95.0816292138141,95.0816292138141,83.63478459007743,83.63478459007743,Correct
152.11072122802972,152.11072122802972,125.32684747598569,125.32684747598569,59.8708289928651,59.8708289928651,41.84666424717226,41.84666424717226,Incorrect
176.4491514222929,176.4491514222929,172.4451719746774,172.4451719746774,89.47966390234473,89.47966390234473,77.25647068779195,77.25647068779195,Correct
170.3050893911929,170.3050893911929,177.43150788326346,177.43150788326346,98.55412149815342,98.55412149815342,78.9311035589289,78.9311035589289,Correct
133.30576168503057,133.30576168503057,130.30985713889578,130.30985713889578,51.18923008185581,51.18923008185581,49.158272913462106,49.158272913462106,Incorrect
173.15746236926907,173.15746236926907,176.03355620434056,176.03355620434056,98.80477985501877,98.80477985501877,93.89898984162679,93.89898984162679,Correct
155.21847747121086,155.21847747121086,151.89030772734364,151.89030772734364,51.400917485177985,51.400917485177985,40.55127844291394,40.55127844291394,Incorrect
139.5882795362461,139.5882795362461,157.216461675206,157.216461675206,50.0413760512265,50.0413760512265,60.78717150446633,60.78717150446633,Incorrect
139.74386710793902,139.74386710793902,123.12755890118991,123.12755890118991,67.42901242633332,67.42901242633332,42.07794793104261,42.07794793104261,Incorrect
135.8355696561219,135.8355696561219,122.20076202529636,122.20076202529636,56.91809658354571,56.91809658354571,49.804205763925985,49.804205763925985,Incorrect
172.547190077619,172.547190077619,172.96552126925835,172.96552126925835,96.3651878099152,96.3651878099152,84.4248807744914,84.4248807744914,Correct
128.38939996158635,128.38939996158635,145.53455713476203,145.53455713476203,50.58434284925242,50.58434284925242,44.25555252881873,44.25555252881873,Incorrect
152.1513553661559,152.1513553661559,150.6425043507194,150.6425043507194,43.59190046889744,43.59190046889744,63.2825216066351,63.2825216066351,Incorrect
132.81693647754196,132.81693647754196,132.47180965223518,132.47180965223518,49.95933027910889,49.95933027910889,49.70503119573989,49.70503119573989,Incorrect
131.27407259121247,131.27407259121247,124.56689959034597,124.56689959034597,66.30202442110627,66.30202442110627,40.0958876963256,40.0958876963256,Incorrect
144.36737713505,144.36737713505,158.21038224524,158.21038224524,42.458161025098846,42.458161025098846,55.64603881408736,55.64603881408736,Incorrect
171.20110996377397,171.20110996377397,177.12549351061432,177.12549351061432,96.15412104508316,96.15412104508316,89.96139774579423,89.96139774579423,Correct
175.3800679168364,175.3800679168364,175.84420016245076,175.84420016245076,86.14204085527017,86.14204085527017,88.46328135672748,88.46328135672748,Correct
174.44412319406507,174.44412319406507,177.75316586681853,177.75316586681853,82.30928065193348,82.30928065193348,82.61482440413694,82.61482440413694,Correct
141.2032855368934,141.2032855368934,121.61527850892148,121.61527850892148,41.90255572302102,41.90255572302102,62.236606668709726,62.236606668709726,Incorrect
129.26781314307487,129.26781314307487,142.41568477383635,142.41568477383635,71.03653729448732,71.03653729448732,42.23320839239045,42.23320839239045,Incorrect
179.91700406696955,179.91700406696955,172.43459333612154,172.43459333612154,96.73013306607739,96.73013306607739,87.77598708811935,87.77598708811935,Correct
174.43302227452526,174.43302227452526,176.2449251506303,176.2449251506303,80.9350243676415,80.9350243676415,93.8155244188687,93.8155244188687,Correct
172.12604392529624,172.12604392529624,172.9472057683832,172.9472057683832,86.87735932496827,86.87735932496827,94.85720950813163,94.85720950813163,Correct
157.9144843138726,157.9144843138726,133.42681702327886,133.42681702327886,56.47958695881397,56.47958695881397,43.792593174659046,43.792593174659046,Incorrect
156.78003786447746,156.78003786447746,123.18940030438367,123.18940030438367,54.337256224874004,54.337256224874004,58.40322001919162,58.40322001919162,Incorrect
139.04636240644,139.04636240644,126.88029335332538,126.88029335332538,45.08853191106062,45.08853191106062,46.89437017765478,46.89437017765478,Incorrect
152.47693686209522,152.47693686209522,142.38266744576498,142.38266744576498,46.41171011834167,46.41171011834167,48.41415329095684,48.41415329095684,Incorrect
143.65706310585662,143.65706310585662,158.62892027527798,158.62892027527798,57.86249328520255,57.86249328520255,58.40326469437248,58.40326469437248,Incorrect
172.66274039905235,172.66274039905235,179.07695893198857,179.07695893198857,84.35271478364216,84.35271478364216,85.06709686778494,85.06709686778494,Correct
171.66536013619054,171.66536013619054,177.37875353492913,177.37875353492913,82.86382112930664,82.86382112930664,90.27106157130235,90.27106157130235,Correct
128.44813664446175,128.44813664446175,130.3433083961594,130.3433083961594,54.397868214213844,54.397868214213844,57.720174751314886,57.720174751314886,Incorrect
137.74184181895527,137.74184181895527,127.46570953714365,127.46570953714365,69.47333961646184,69.47333961646184,46.03685655680792,46.03685655680792,Incorrect
128.2358809111411,128.2358809111411,132.22779914305102,132.22779914305102,62.42465442917913,62.42465442917913,46.328653867633776,46.328653867633776,Incorrect
175.8856703981565,175.8856703981565,176.82946102077037,176.82946102077037,91.1372101719021,91.1372101719021,85.12236341777222,85.12236341777222,Correct
139.53952036014792,139.53952036014792,157.6662061966947,157.6662061966947,70.11126462831916,70.11126462831916,68.06772778190025,68.06772778190025,Incorrect
175.5097452607013,175.5097452607013,178.3145054090021,178.3145054090021,81.0153241467701,81.0153241467701,78.73972939522824,78.73972939522824,Correct
179.88134807962368,179.88134807962368,178.1661939622162,178.1661939622162,89.48474594586344,89.48474594586344,76.68245916175354,76.68245916175354,Correct
175.0600346737931,175.0600346737931,171.4601467321339,171.4601467321339,91.92677922672047,91.92677922672047,75.07302133750505,75.07302133750505,Correct
157.19691858169864,157.19691858169864,134.33634194031475,134.33634194031475,45.377950389896604,45.377950389896604,63.717283437620544,63.717283437620544,Incorrect
152.14355823715323,152.14355823715323,159.3918826670799,159.3918826670799,42.513244426458975,42.513244426458975,62.411496628792676,62.411496628792676,Incorrect
175.68255717177158,175.68255717177158,178.21479186907334,178.21479186907334,84.79711960265782,84.79711960265782,82.48592217322279,82.48592217322279,Correct
147.78830064817703,147.78830064817703,136.88914598978357,136.88914598978357,60.443182589190116,60.443182589190116,68.8068444962627,68.8068444962627,Incorrect
144.9209738027205,144.9209738027205,159.7989908000535,159.7989908000535,73.30373291320572,73.30373291320572,68.91690984951298,68.91690984951298,Incorrect
175.610333441353,175.610333441353,177.5363805734068,177.5363805734068,84.1590200186488,84.1590200186488,89.38722321256569,89.38722321256569,Correct
178.9635507148028,178.9635507148028,170.47032957843896,170.47032957843896,87.96539243456448,87.96539243456448,75.85701566818433,75.85701566818433,Correct
175.0344423545315,175.0344423545315,172.7967061446285,172.7967061446285,87.61145772364173,87.61145772364173,91.40249872264246,91.40249872264246,Correct
179.58574353967387,179.58574353967387,172.24776857686004,172.24776857686004,92.3822926614988,92.3822926614988,89.68573347544881,89.68573347544881,Correct
122.69949394219886,122.69949394219886,140.24074069881067,140.24074069881067,67.05438214746763,67.05438214746763,65.66800398425065,65.66800398425065,Incorrect
132.64272174556072,132.64272174556072,131.8973818415952,131.8973818415952,69.3808198466549,69.3808198466549,44.541797601739226,44.541797601739226,Incorrect
176.6704651253042,176.6704651253042,172.3122489076986,172.3122489076986,97.45391741432447,97.45391741432447,78.77286812982135,78.77286812982135,Correct
154.33264677065813,154.33264677065813,132.7603994993338,132.7603994993338,48.81443986453783,48.81443986453783,69.20648285686013,69.20648285686013,Incorrect
177.1895486657475,177.1895486657475,171.85940505824433,171.85940505824433,83.34218085790464,83.34218085790464,80.08181720767048,80.08181720767048,Correct
149.00863284268522,149.00863284268522,158.15578120262205,158.15578120262205,46.93275883128592,46.93275883128592,68.73030328745186,68.73030328745186,Incorrect
145.41310924844976,145.41310924844976,145.71077319072614,145.71077319072614,47.563163239720375,47.563163239720375,67.43854487007094,67.43854487007094,Incorrect
173.55896602709961,173.55896602709961,178.63948419033437,178.63948419033437,96.55383750959277,96.55383750959277,88.5263849574716,88.5263849574716,Correct
156.3260195079876,156.3260195079876,136.46590714717206,136.46590714717206,67.75323222178237,67.75323222178237,40.41723786610515,40.41723786610515,Incorrect
157.28499839303345,157.28499839303345,122.14428230029783,122.14428230029783,65.71932796673168,65.71932796673168,68.7292536770263,68.7292536770263,Incorrect
179.21114285776517,179.21114285776517,173.4634662275036,173.4634662275036,86.84012834297403,86.84012834297403,91.43562969654026,91.43562969654026,Correct
171.24321580006034,171.24321580006034,175.5310834389098,175.5310834389098,84.26484996045654,84.26484996045654,94.16836812634419,94.16836812634419,Correct
178.54957809544348,178.54957809544348,172.28638186821604,172.28638186821604,99.67537701630957,99.67537701630957,84.95641857531972,84.95641857531972,Correct
175.966131488701,175.966131488701,174.715247594952,174.715247594952,80.91609677627903,80.91609677627903,81.84523200603721,81.84523200603721,Correct
177.80343760229215,177.80343760229215,173.7657470476791,173.7657470476791,91.61369875203273,91.61369875203273,88.8593043919195,88.8593043919195,Correct
151.16438020441905,151.16438020441905,151.70348275337722,151.70348275337722,65.54649568549067,65.54649568549067,61.21336408858174,61.21336408858174,Incorrect
179.11418272297405,179.11418272297405,177.316636478966,177.316636478966,86.94314891571904,86.94314891571904,87.10259245844927,87.10259245844927,Correct
122.9108150222379,122.9108150222379,130.46770168050082,130.46770168050082,72.21918177312796,72.21918177312796,56.407723629893766,56.407723629893766,Incorrect
131.47436826702057,131.47436826702057,139.0845694702815,139.0845694702815,58.30792655692984,58.30792655692984,60.958602663546856,60.958602663546856,Incorrect
177.94809704455315,177.94809704455315,176.33898651869052,176.33898651869052,85.07161277390783,85.07161277390783,88.83173391776793,88.83173391776793,Correct
128.92950345476024,128.92950345476024,127.1000204599426,127.1000204599426,62.26350411298386,62.26350411298386,41.21100225278379,41.21100225278379,Incorrect
172.85372879123545,172.85372879123545,172.66024853347434,172.66024853347434,88.13145587900472,88.13145587900472,91.69572150354362,91.69572150354362,Correct
175.18858528543018,175.18858528543018,179.49035803955357,179.49035803955357,92.10128575826397,92.10128575826397,86.09849345290066,86.09849345290066,Correct
177.5186478279737,177.5186478279737,175.25324081210655,175.25324081210655,97.88681096593572,97.88681096593572,92.38010110183649,92.38010110183649,Correct
172.24040041232172,172.24040041232172,176.21982420686805,176.21982420686805,98.20944647523032,98.20944647523032,81.86771804252714,81.86771804252714,Correct
134.46337233635637,134.46337233635637,147.3461898348431,147.3461898348431,51.63734203993047,51.63734203993047,60.337361380308124,60.337361380308124,Incorrect
170.3660096019996,170.3660096019996,170.1304646424104,170.1304646424104,82.23068668802168,82.23068668802168,89.95708734389683,89.95708734389683,Correct
121.00863599531131,121.00863599531131,129.76785433779725,129.76785433779725,42.00702066831931,42.00702066831931,59.8655767757549,59.8655767757549,Incorrect
171.8891687682252,171.8891687682252,176.89136215424094,176.89136215424094,80.84766162629036,80.84766162629036,75.26608547052986,75.26608547052986,Correct
121.46855612325764,121.46855612325764,148.16991619168746,148.16991619168746,47.06032331194499,47.06032331194499,45.92185668777581,45.92185668777581,Incorrect
179.00124035200156,179.00124035200156,170.46708994535413,170.46708994535413,88.57667641522609,88.57667641522609,89.01613219343021,89.01613219343021,Correct
179.40385193594363,179.40385193594363,176.19923271076206,176.19923271076206,87.77602537196732,87.77602537196732,81.24812591615408,81.24812591615408,Correct
177.7352750698719,177.7352750698719,176.75208769518994,176.75208769518994,86.69241308379448,86.69241308379448,84.68359700800102,84.68359700800102,Correct
158.51249623223003,158.51249623223003,142.05513381742756,142.05513381742756,70.2057278954644,70.2057278954644,44.686352320439404,44.686352320439404,Incorrect
127.30331651486334,127.30331651486334,131.79340928508313,131.79340928508313,49.56684873176215,49.56684873176215,64.87848063606485,64.87848063606485,Incorrect
128.83907982572063,128.83907982572063,128.38643874383712,128.38643874383712,54.003060787706985,54.003060787706985,66.11859740974069,66.11859740974069,Incorrect
124.5219992108358,124.5219992108358,159.04440815331532,159.04440815331532,48.06767774469979,48.06767774469979,63.98017740720408,63.98017740720408,Incorrect
136.95037490927137,136.95037490927137,123.20148887914678,123.20148887914678,61.98043765188423,61.98043765188423,51.36376701194435,51.36376701194435,Incorrect
179.3231586330376,179.3231586330376,177.82832637546673,177.82832637546673,82.45275104965695,82.45275104965695,84.84424511933591,84.84424511933591,Correct
173.86154580079312,173.86154580079312,178.8534748304641,178.8534748304641,84.74002097295494,84.74002097295494,75.98914426548468,75.98914426548468,Correct
171.0224679356267,171.0224679356267,176.1697155479294,176.1697155479294,98.2924807197043,98.2924807197043,85.36967475419655,85.36967475419655,Correct
172.325776193142,172.325776193142,177.82038541329615,177.82038541329615,82.00704720887879,82.00704720887879,89.00471772140952,89.00471772140952,Correct
176.1556909967569,176.1556909967569,176.5701089544802,176.5701089544802,99.26683956915639,99.26683956915639,79.71115032100826,79.71115032100826,Correct
124.48041803821019,124.48041803821019,159.7200456105222,159.7200456105222,47.07135154735384,47.07135154735384,45.45977799147896,45.45977799147896,Incorrect
177.5916877837732,177.5916877837732,171.05453061576108,171.05453061576108,85.03276521844724,85.03276521844724,82.51780480375669,82.51780480375669,Correct
123.23615318974588,123.23615318974588,139.59312548938456,139.59312548938456,71.49303444788951,71.49303444788951,68.25525447522773,68.25525447522773,Incorrect
178.89362923399264,178.89362923399264,172.93733400432063,172.93733400432063,82.55471033319637,82.55471033319637,86.70907931858055,86.70907931858055,Correct
173.09447995251426,173.09447995251426,170.92510552733154,170.92510552733154,95.26617938034379,95.26617938034379,80.57568777200153,80.57568777200153,Correct
158.19302686950368,158.19302686950368,143.804680343327,143.804680343327,42.00848187899129,42.00848187899129,45.79440068886231,45.79440068886231,Incorrect
127.23369975133892,127.23369975133892,138.86239281774434,138.86239281774434,42.4075376984105,42.4075376984105,51.76275774596752,51.76275774596752,Incorrect
142.16244963664548,142.16244963664548,153.99211417411982,153.99211417411982,43.825000623785385,43.825000623785385,51.864708182326034,51.864708182326034,Incorrect
179.76626611212788,179.76626611212788,176.62981687116468,176.62981687116468,87.16947050862919,87.16947050862919,84.48886177485247,84.48886177485247,Correct
173.85316391349028,173.85316391349028,173.86507341025714,173.86507341025714,85.71114132784183,85.71114132784183,84.82419568639025,84.82419568639025,Correct
174.98223111906077,174.98223111906077,173.49697031468645,173.49697031468645,80.51466917172199,80.51466917172199,78.03295670072495,78.03295670072495,Correct
174.67721499266298,174.67721499266298,172.00142076811284,172.00142076811284,92.727230905961,92.727230905961,76.19140838654778,76.19140838654778,Correct
123.4248435817658,123.4248435817658,138.7309092875631,138.7309092875631,63.46389835930515,63.46389835930515,41.33421106072529,41.33421106072529,Incorrect
153.54221141158027,153.54221141158027,126.49971686082584,126.49971686082584,42.429445011649356,42.429445011649356,64.61729348878396,64.61729348878396,Incorrect
170.07653179566978,170.07653179566978,170.7427300890549,170.7427300890549,95.06380236332666,95.06380236332666,84.31723691786847,84.31723691786847,Correct
124.80327586462775,124.80327586462775,140.98775321922903,140.98775321922903,62.69439951220177,62.69439951220177,50.7841827954846,50.7841827954846,Incorrect
179.62474937279018,179.62474937279018,177.55319661163105,177.55319661163105,92.09642580526972,92.09642580526972,81.05923271535889,81.05923271535889,Correct
173.66984292025316,173.66984292025316,172.31643509104077,172.31643509104077,86.4697160971767,86.4697160971767,76.50055135367919,76.50055135367919,Correct
141.41024506629407,141.41024506629407,134.25567495626566,134.25567495626566,72.7810591665969,72.7810591665969,61.11322754332359,61.11322754332359,Incorrect
179.29594620118255,179.29594620118255,174.2955685250618,174.2955685250618,83.51226731028369,83.51226731028369,89.73723972146807,89.73723972146807,Correct
128.0214602116419,128.0214602116419,127.83817345696883,127.83817345696883,47.12305699781234,47.12305699781234,57.209597627591755,57.209597627591755,Incorrect
171.84363012175993,171.84363012175993,172.94717292371234,172.94717292371234,86.30656157584556,86.30656157584556,81.70782567332037,81.70782567332037,Correct
145.05222439343535,145.05222439343535,151.93569268247586,151.93569268247586,60.78342184056638,60.78342184056638,67.9617963442103,67.9617963442103,Incorrect
173.0999760689258,173.0999760689258,177.1420991828467,177.1420991828467,97.5314684521322,97.5314684521322,85.27618292285817,85.27618292285817,Correct
157.20074374757746,157.20074374757746,123.67954365494316,123.67954365494316,42.49050656631809,42.49050656631809,41.28445771550142,41.28445771550142,Incorrect
178.4283316061787,178.4283316061787,170.15160897302823,170.15160897302823,99.19323967278973,99.19323967278973,75.5675941375131,75.5675941375131,Correct
126.32384626736578,126.32384626736578,150.0407771680439,150.0407771680439,45.21696938601253,45.21696938601253,63.76523593220229,63.76523593220229,Incorrect
129.41642577781832,129.41642577781832,155.80217441708098,155.80217441708098,43.66466069274547,43.66466069274547,53.60541181375044,53.60541181375044,Incorrect
157.0162501324497,157.0162501324497,152.06071723816558,152.06071723816558,72.83212693183805,72.83212693183805,62.74038964761882,62.74038964761882,Incorrect
172.23360452402804,172.23360452402804,178.7242423506646,178.7242423506646,81.45982262553198,81.45982262553198,93.01929466083698,93.01929466083698,Correct
178.49036280535333,178.49036280535333,174.3939345656621,174.3939345656621,84.48804784221049,84.48804784221049,81.39569119347266,81.39569119347266,Correct
143.23573789591075,143.23573789591075,153.49838191956638,153.49838191956638,54.35664924642915,54.35664924642915,54.690308904884915,54.690308904884915,Incorrect
153.50935845287546,153.50935845287546,133.65756145856503,133.65756145856503,68.59646745777904,68.59646745777904,56.53790060076325,56.53790060076325,Incorrect
172.94977842576264,172.94977842576264,177.60554217111138,177.60554217111138,93.88263077125696,93.88263077125696,93.74224551449807,93.74224551449807,Correct
173.7542334116482,173.7542334116482,177.3050953029496,177.3050953029496,90.13982330265077,90.13982330265077,85.18367553318643,85.18367553318643,Correct
157.72588371163806,157.72588371163806,142.93713630103008,142.93713630103008,48.41540633667578,48.41540633667578,43.30714866179489,43.30714866179489,Incorrect
145.84329657285525,145.84329657285525,137.95721775426992,137.95721775426992,58.09461807034332,58.09461807034332,44.82596963855444,44.82596963855444,Incorrect
172.43965264199156,172.43965264199156,172.35172347642288,172.35172347642288,80.5108035543069,80.5108035543069,80.58125669662466,80.58125669662466,Correct
172.72076615936362,172.72076615936362,177.97841950575378,177.97841950575378,99.94067218310744,99.94067218310744,88.9363090718413,88.9363090718413,Correct
172.06306811478575,172.06306811478575,176.4086864040588,176.4086864040588,89.49894216148644,89.49894216148644,92.63332572235295,92.63332572235295,Correct
133.25561444249044,133.25561444249044,159.10443822136347,159.10443822136347,41.464972919740354,41.464972919740354,56.753553725735586,56.753553725735586,Incorrect
144.37855001493108,144.37855001493108,125.785137843095,125.785137843095,73.76687250654476,73.76687250654476,42.5537446968388,42.5537446968388,Incorrect
157.62150715741143,157.62150715741143,146.7070102537014,146.7070102537014,55.94105429938967,55.94105429938967,60.75182545941693,60.75182545941693,Incorrect
120.98461839621632,120.98461839621632,120.42971628597269,120.42971628597269,72.76810487637049,72.76810487637049,60.008505592482216,60.008505592482216,Incorrect
172.0804245640228,172.0804245640228,173.09678813931106,173.09678813931106,94.7223593751561,94.7223593751561,80.16923680079277,80.16923680079277,Correct
150.083825638691,150.083825638691,125.45001961846377,125.45001961846377,51.95591263727722,51.95591263727722,59.08213944976528,59.08213944976528,Incorrect
178.0196942612515,178.0196942612515,175.1688464503575,175.1688464503575,89.26592689829896,89.26592689829896,83.67204165121028,83.67204165121028,Correct
150.14364109633863,150.14364109633863,122.99617012269606,122.99617012269606,68.21171363070378,68.21171363070378,59.0966227429943,59.0966227429943,Incorrect
179.85756096542394,179.85756096542394,174.57475196954275,174.57475196954275,81.87662767139079,81.87662767139079,86.23407665943817,86.23407665943817,Correct
178.23307667280864,178.23307667280864,179.23204342145257,179.23204342145257,93.64046757029321,93.64046757029321,86.39134061418834,86.39134061418834,Correct
174.311566101558,174.311566101558,175.88946743480082,175.88946743480082,96.240505880975,96.240505880975,89.207835243497,89.207835243497,Correct
130.19960573193094,130.19960573193094,150.60224965722296,150.60224965722296,53.17543433720678,53.17543433720678,41.96084536998159,41.96084536998159,Incorrect
179.3510390142046,179.3510390142046,178.4394568788846,178.4394568788846,83.03162105466588,83.03162105466588,92.10043357411837,92.10043357411837,Correct
172.2855350519284,172.2855350519284,173.4180156879504,173.4180156879504,96.8433190271911,96.8433190271911,87.33266656934691,87.33266656934691,Correct
178.10826626581576,178.10826626581576,174.75065697104367,174.75065697104367,89.40034099151951,89.40034099151951,86.46827720523646,86.46827720523646,Correct
152.53656108897778,152.53656108897778,131.94156376092644,131.94156376092644,61.44690693038749,61.44690693038749,58.16696233308128,58.16696233308128,Incorrect
176.84426941849773,176.84426941849773,172.36056174492077,172.36056174492077,84.36405621143516,84.36405621143516,84.01791762438269,84.01791762438269,Correct
147.75925350666154,147.75925350666154,131.917498138881,131.917498138881,57.040355457739686,57.040355457739686,40.91204820473877,40.91204820473877,Incorrect
174.93954828597728,174.93954828597728,175.76265192913732,175.76265192913732,88.05170375544287,88.05170375544287,80.90499985743084,80.90499985743084,Correct
178.7761400688499,178.7761400688499,170.6965185318922,170.6965185318922,84.6827688818001,84.6827688818001,82.21427980555974,82.21427980555974,Correct
172.43712346927907,172.43712346927907,171.88302575455046,171.88302575455046,96.75851790612711,96.75851790612711,82.8282440869039,82.8282440869039,Correct
174.60761228627865,174.60761228627865,178.90568399201652,178.90568399201652,86.5901799505238,86.5901799505238,93.33085678726243,93.33085678726243,Correct
143.76608423078727,143.76608423078727,126.70981144443068,126.70981144443068,60.489192676650994,60.489192676650994,68.41053694850427,68.41053694850427,Incorrect
133.88390645301155,133.88390645301155,138.01502427918842,138.01502427918842,65.59930486950982,65.59930486950982,55.89802357782613,55.89802357782613,Incorrect
124.18239150169217,124.18239150169217,153.68936811807166,153.68936811807166,72.8497960159265,72.8497960159265,51.56487587506772,51.56487587506772,Incorrect
128.3919522931784,128.3919522931784,151.34431762761537,151.34431762761537,54.447774744782414,54.447774744782414,53.51748766563599,53.51748766563599,Incorrect
174.30001496515712,174.30001496515712,176.9512907659917,176.9512907659917,89.28876618953053,89.28876618953053,87.86865316321287,87.86865316321287,Correct
178.4475690452833,178.4475690452833,175.67953887880483,175.67953887880483,82.62063876523897,82.62063876523897,81.46007550369063,81.46007550369063,Correct
159.39879394855612,159.39879394855612,145.67069570054508,145.67069570054508,60.235308723975876,60.235308723975876,63.663912595570935,63.663912595570935,Incorrect
175.71785275894496,175.71785275894496,172.1398659140164,172.1398659140164,93.32514283055198,93.32514283055198,77.67559561406348,77.67559561406348,Correct
147.24288647439187,147.24288647439187,139.8844592772325,139.8844592772325,53.565692679057946,53.565692679057946,54.56485552704284,54.56485552704284,Incorrect
148.2099300695014,148.2099300695014,132.88458480163513,132.88458480163513,63.71747898873177,63.71747898873177,42.00568783202352,42.00568783202352,Incorrect
143.7482484613151,143.7482484613151,153.5715706792625,153.5715706792625,49.0782088137786,49.0782088137786,64.37590398589214,64.37590398589214,Incorrect
146.27534084535282,146.27534084535282,125.56161671838086,125.56161671838086,74.26654841936053,74.26654841936053,64.43172771763263,64.43172771763263,Incorrect
172.15481061939116,172.15481061939116,171.95608894442302,171.95608894442302,91.83648033140634,91.83648033140634,84.75670398036624,84.75670398036624,Correct
137.27191695613223,137.27191695613223,126.44982298972816,126.44982298972816,73.77465485876326,73.77465485876326,68.85383103586055,68.85383103586055,Incorrect
133.40367791908466,133.40367791908466,152.77985866040626,152.77985866040626,40.0240885090181,40.0240885090181,53.805512663778195,53.805512663778195,Incorrect
142.70527508597155,142.70527508597155,122.03688456458302,122.03688456458302,63.71423321419451,63.71423321419451,63.79416485868754,63.79416485868754,Incorrect
178.92879826527533,178.92879826527533,175.8163254289622,175.8163254289622,92.98896096047356,92.98896096047356,86.45901426192343,86.45901426192343,Correct
176.77460096784662,176.77460096784662,175.38920438712321,175.38920438712321,88.65073135819712,88.65073135819712,87.35006902098397,87.35006902098397,Correct
145.82355517045744,145.82355517045744,127.98298664997961,127.98298664997961,74.21573625977928,74.21573625977928,53.7577194721994,53.7577194721994,Incorrect
174.4430872034176,174.4430872034176,177.49860922431648,177.49860922431648,86.25889087952287,86.25889087952287,87.98206592044102,87.98206592044102,Correct
126.03206502156156,126.03206502156156,125.44494379037032,125.44494379037032,67.95234008563148,67.95234008563148,58.108528467050874,58.108528467050874,Incorrect
170.90977746130474,170.90977746130474,173.37427540701898,173.37427540701898,87.4322292125686,87.4322292125686,94.69539607449133,94.69539607449133,Correct
134.69288988937365,134.69288988937365,158.07133466350808,158.07133466350808,59.498224038089745,59.498224038089745,41.20670136213925,41.20670136213925,Incorrect
122.94815353705968,122.94815353705968,123.98877156822395,123.98877156822395,42.39533841624498,42.39533841624498,68.34240617705268,68.34240617705268,Incorrect
134.29963783961298,134.29963783961298,159.2256322780877,159.2256322780877,71.08619363523007,71.08619363523007,52.04312577390707,52.04312577390707,Incorrect
152.2341168722995,152.2341168722995,155.45397973297148,155.45397973297148,65.07939694629536,65.07939694629536,44.01783818677163,44.01783818677163,Incorrect
144.14512276125353,144.14512276125353,150.85726774904714,150.85726774904714,51.98567869650673,51.98567869650673,43.5269643576175,43.5269643576175,Incorrect
178.45614388084357,178.45614388084357,170.28595313461247,170.28595313461247,90.81386164041065,90.81386164041065,82.13788053782389,82.13788053782389,Correct
153.67850125006828,153.67850125006828,125.49785412588643,125.49785412588643,46.079547383522176,46.079547383522176,63.033843426299974,63.033843426299974,Incorrect
146.13343008123087,146.13343008123087,140.5181784482883,140.5181784482883,47.4069386570539,47.4069386570539,64.69631063995394,64.69631063995394,Incorrect
170.14687001665948,170.14687001665948,176.24243406838363,176.24243406838363,94.59498551231152,94.59498551231152,94.90263998410536,94.90263998410536,Correct
174.4383629173802,174.4383629173802,178.83555072818754,178.83555072818754,92.32653556497331,92.32653556497331,89.75980083141505,89.75980083141505,Correct
139.30774376091205,139.30774376091205,136.1534417537562,136.1534417537562,64.46909525636484,64.46909525636484,61.3281109879812,61.3281109879812,Incorrect
153.38829647498898,153.38829647498898,146.0379884516155,146.0379884516155,52.290339955270156,52.290339955270156,43.68144224881243,43.68144224881243,Incorrect
126.57643538348759,126.57643538348759,147.8721363259364,147.8721363259364,62.77051173599631,62.77051173599631,65.01370393904142,65.01370393904142,Incorrect
147.9724221735562,147.9724221735562,133.79659542616602,133.79659542616602,55.84751513223688,55.84751513223688,42.41315699148335,42.41315699148335,Incorrect
138.50298392577275,138.50298392577275,146.58714439465598,146.58714439465598,68.78693943600086,68.78693943600086,66.82438057062419,66.82438057062419,Incorrect
152.59056514296213,152.59056514296213,142.66938162226185,142.66938162226185,71.1298700676692,71.1298700676692,67.38119817729094,67.38119817729094,Incorrect
154.5015151442197,154.5015151442197,128.9317050834907,128.9317050834907,45.854959811449994,45.854959811449994,54.20835816553311,54.20835816553311,Incorrect
139.99716888631613,139.99716888631613,158.372259935834,158.372259935834,48.80032665478865,48.80032665478865,41.807487469800094,41.807487469800094,Incorrect
179.98863639539638,179.98863639539638,172.54517054286183,172.54517054286183,86.16988016290216,86.16988016290216,84.29624283876038,84.29624283876038,Correct
176.9940614755617,176.9940614755617,177.7852253700459,177.7852253700459,99.74734854035304,99.74734854035304,77.77202303065795,77.77202303065795,Correct
157.6166242035316,157.6166242035316,122.24106775791749,122.24106775791749,74.68660909546949,74.68660909546949,50.8118856299663,50.8118856299663,Incorrect
179.52875000615188,179.52875000615188,175.10905810666685,175.10905810666685,93.12033380876835,93.12033380876835,94.36365179636591,94.36365179636591,Correct
133.9698983413242,133.9698983413242,144.50005337380887,144.50005337380887,59.8937092620176,59.8937092620176,42.09276832681937,42.09276832681937,Incorrect
153.06963241863957,153.06963241863957,123.1542091073556,123.1542091073556,68.21655517850246,68.21655517850246,43.130943241782376,43.130943241782376,Incorrect
176.75470479637477,176.75470479637477,176.69857348475006,176.69857348475006,85.34484239562596,85.34484239562596,90.57608055633139,90.57608055633139,Correct
170.97528417877533,170.97528417877533,173.04144602375612,173.04144602375612,85.02740366105806,85.02740366105806,86.90738454923047,86.90738454923047,Correct
144.23363574805467,144.23363574805467,133.73944958520926,133.73944958520926,46.28425849306101,46.28425849306101,66.64753757373046,66.64753757373046,Incorrect
170.54526173369703,170.54526173369703,172.7498640859074,172.7498640859074,81.29789655478766,81.29789655478766,76.51376005068855,76.51376005068855,Correct
156.98015737829292,156.98015737829292,150.27219465791393,150.27219465791393,44.163807940626086,44.163807940626086,42.00811899361878,42.00811899361878,Incorrect
176.02466213962177,176.02466213962177,171.19778642741022,171.19778642741022,88.24156424616314,88.24156424616314,94.79347313622543,94.79347313622543,Correct
172.72615963591332,172.72615963591332,176.31494833192772,176.31494833192772,99.59243976714929,99.59243976714929,90.80168303938325,90.80168303938325,Correct
147.62486471209695,147.62486471209695,136.24351216427107,136.24351216427107,74.66890489942013,74.66890489942013,61.16997877863149,61.16997877863149,Incorrect
150.288785832428,150.288785832428,122.95708467045094,122.95708467045094,40.237272727630135,40.237272727630135,55.38716033870193,55.38716033870193,Incorrect
179.62528482650475,179.62528482650475,175.74746694443252,175.74746694443252,80.54538400664661,80.54538400664661,84.79705790948535,84.79705790948535,Correct
139.77323662732798,139.77323662732798,137.20313728142185,137.20313728142185,72.68369572157503,72.68369572157503,68.09964750752525,68.09964750752525,Incorrect
172.20177473475172,172.20177473475172,179.9970216526326,179.9970216526326,99.58243762712026,99.58243762712026,78.98230764585459,78.98230764585459,Correct
122.86852208009245,122.86852208009245,132.99419840959442,132.99419840959442,48.60293792879573,48.60293792879573,59.212831744768486,59.212831744768486,Incorrect
173.02190711210847,173.02190711210847,170.58219076447588,170.58219076447588,88.34525105711542,88.34525105711542,75.4255283619005,75.4255283619005,Correct
133.59572773264347,133.59572773264347,126.92165084879632,126.92165084879632,52.5056001070796,52.5056001070796,54.89715373801617,54.89715373801617,Incorrect
173.80553189991917,173.80553189991917,177.52212560482167,177.52212560482167,99.19871573638756,99.19871573638756,90.70209631007776,90.70209631007776,Correct
178.08899762230482,178.08899762230482,172.05748006894538,172.05748006894538,88.89027947914859,88.89027947914859,93.22915503175173,93.22915503175173,Correct
170.7350987212659,170.7350987212659,176.30676893140875,176.30676893140875,91.09611370146104,91.09611370146104,77.53559943323575,77.53559943323575,Correct
173.29509528582852,173.29509528582852,179.0274187529021,179.0274187529021,83.0322785847732,83.0322785847732,85.74812474828155,85.74812474828155,Correct
176.07142835191138,176.07142835191138,178.557987378517,178.557987378517,89.1842475528951,89.1842475528951,86.54581231060268,86.54581231060268,Correct
177.39160006693538,177.39160006693538,171.40587338505114,171.40587338505114,89.20377202486571,89.20377202486571,78.42507921249572,78.42507921249572,Correct
124.43630875881132,124.43630875881132,142.3866685005143,142.3866685005143,41.05739830006335,41.05739830006335,64.13807009204953,64.13807009204953,Incorrect
141.09750608051857,141.09750608051857,140.9752889573382,140.9752889573382,74.20641720768948,74.20641720768948,56.17183899310685,56.17183899310685,Incorrect
173.822012144832,173.822012144832,178.16873573259718,178.16873573259718,82.52911586577025,82.52911586577025,76.75031224465525,76.75031224465525,Correct
124.19174021224181,124.19174021224181,147.73894873394428,147.73894873394428,44.99695849842314,44.99695849842314,55.67706768827608,55.67706768827608,Incorrect
174.53731746504465,174.53731746504465,177.68152481796025,177.68152481796025,86.73490190532598,86.73490190532598,94.61271012996511,94.61271012996511,Correct
176.28861677434378,176.28861677434378,175.08420593996664,175.08420593996664,85.62947313409268,85.62947313409268,89.04829302593447,89.04829302593447,Correct
131.5102260149929,131.5102260149929,128.07406297850696,128.07406297850696,69.13016356025219,69.13016356025219,64.12728435301479,64.12728435301479,Incorrect
174.71213877370195,174.71213877370195,174.00826264842073,174.00826264842073,96.29869897927138,96.29869897927138,77.06268993421351,77.06268993421351,Correct
179.68846135761058,179.68846135761058,170.1542777543797,170.1542777543797,97.53160024217934,97.53160024217934,91.61104951271571,91.61104951271571,Correct
179.84059057550513,179.84059057550513,177.86096397085575,177.86096397085575,88.58843219614047,88.58843219614047,91.8687801702209,91.8687801702209,Correct
172.65943810707725,172.65943810707725,175.41079207999607,175.41079207999607,85.75642268572678,85.75642268572678,78.56829154408702,78.56829154408702,Correct
147.35852230778247,147.35852230778247,140.04987539992263,140.04987539992263,53.42997067910535,53.42997067910535,48.80075115084672,48.80075115084672,Incorrect
173.02003041365165,173.02003041365165,178.43212238616485,178.43212238616485,95.07590989813764,95.07590989813764,90.25660341714763,90.25660341714763,Correct
177.35467208481217,177.35467208481217,172.18810380705784,172.18810380705784,82.08906818155702,82.08906818155702,84.0697643299699,84.0697643299699,Correct
155.8866275173075,155.8866275173075,154.954287761722,154.954287761722,41.990387643666274,41.990387643666274,50.35807299928102,50.35807299928102,Incorrect
170.5773838949134,170.5773838949134,171.74849910018858,171.74849910018858,95.02913769754956,95.02913769754956,94.34913444616542,94.34913444616542,Correct
173.9655801945913,173.9655801945913,173.83975876045835,173.83975876045835,85.12421821398117,85.12421821398117,84.36828500939117,84.36828500939117,Correct
173.70703641264674,173.70703641264674,176.43868236661592,176.43868236661592,93.09700689355094,93.09700689355094,85.54469869402087,85.54469869402087,Correct
130.36041286953903,130.36041286953903,145.58371173364162,145.58371173364162,54.65115744790079,54.65115744790079,40.97904067853839,40.97904067853839,Incorrect
176.50913019656838,176.50913019656838,176.01177752054468,176.01177752054468,84.58243967043055,84.58243967043055,86.50460743192238,86.50460743192238,Correct
153.32670369029296,153.32670369029296,139.83246359582904,139.83246359582904,57.60413342983496,57.60413342983496,60.12566936762126,60.12566936762126,Incorrect
179.9090656261399,179.9090656261399,177.74275507010043,177.74275507010043,92.99225877474599,92.99225877474599,85.03961897296674,85.03961897296674,Correct
128.82691662360074,128.82691662360074,134.36265853216398,134.36265853216398,72.53584009356595,72.53584009356595,51.01350286714128,51.01350286714128,Incorrect
136.2497956782496,136.2497956782496,129.18537888673322,129.18537888673322,56.37595945162326,56.37595945162326,48.34755945716014,48.34755945716014,Incorrect
155.3602315872663,155.3602315872663,146.4125046971476,146.4125046971476,60.43872079266558,60.43872079266558,62.85391609882687,62.85391609882687,Incorrect
173.80491488407918,173.80491488407918,175.67476004974188,175.67476004974188,83.74423961263074,83.74423961263074,76.70017938452456,76.70017938452456,Correct
170.9243198913578,170.9243198913578,176.90768234030375,176.90768234030375,97.20694920107213,97.20694920107213,77.07825055136621,77.07825055136621,Correct
120.54275075239666,120.54275075239666,142.6456125649151,142.6456125649151,42.619589655896675,42.619589655896675,63.97380807442221,63.97380807442221,Incorrect
141.27188964293083,141.27188964293083,123.9683977130166,123.9683977130166,60.14453185464241,60.14453185464241,47.94910952307064,47.94910952307064,Incorrect
131.19336003595546,131.19336003595546,138.48518181425794,138.48518181425794,64.13128470286651,64.13128470286651,67.04329814590827,67.04329814590827,Incorrect
171.00861497631985,171.00861497631985,176.67126877485725,176.67126877485725,84.89774380580049,84.89774380580049,89.32167386538318,89.32167386538318,Correct
173.7102515607196,173.7102515607196,170.06037205515176,170.06037205515176,98.1939526253792,98.1939526253792,90.31628448225356,90.31628448225356,Correct
171.36799692542147,171.36799692542147,179.49561124193357,179.49561124193357,99.18771987399366,99.18771987399366,91.41574156908511,91.41574156908511,Correct
121.46114295879984,121.46114295879984,128.02420729342663,128.02420729342663,70.70380944510086,70.70380944510086,49.493260742589335,49.493260742589335,Incorrect
129.9231391483484,129.9231391483484,122.8756647089376,122.8756647089376,70.20864896330457,70.20864896330457,49.48265735204377,49.48265735204377,Incorrect
141.40552883883004,141.40552883883004,150.04494634887925,150.04494634887925,43.898993217276995,43.898993217276995,47.07371503116542,47.07371503116542,Incorrect
148.0993502137755,148.0993502137755,149.19294176644527,149.19294176644527,71.01634955901741,71.01634955901741,60.06455785678081,60.06455785678081,Incorrect
179.85915574695503,179.85915574695503,176.3544718500316,176.3544718500316,95.58487346446543,95.58487346446543,81.5616560246672,81.5616560246672,Correct
179.93947018112868,179.93947018112868,175.50835319363426,175.50835319363426,98.04428372889721,98.04428372889721,90.96927738913575,90.96927738913575,Correct
174.76488563771142,174.76488563771142,174.42555687792233,174.42555687792233,93.90673499080505,93.90673499080505,86.3679913608273,86.3679913608273,Correct
150.78056410912438,150.78056410912438,132.51691593222012,132.51691593222012,64.55674496273421,64.55674496273421,48.93310931507084,48.93310931507084,Incorrect
178.90304186000589,178.90304186000589,172.98128186280815,172.98128186280815,97.53300762697569,97.53300762697569,94.29390635870436,94.29390635870436,Correct
172.37085559352943,172.37085559352943,175.34776528166984,175.34776528166984,95.68663710334113,95.68663710334113,77.61713565255148,77.61713565255148,Correct
155.32188707468205,155.32188707468205,131.19452709162647,131.19452709162647,73.54398235357448,73.54398235357448,50.36147404653327,50.36147404653327,Incorrect
130.05345040480614,130.05345040480614,135.55149954548853,135.55149954548853,57.91273816143027,57.91273816143027,47.33815664691196,47.33815664691196,Incorrect
156.58114191002272,156.58114191002272,142.01698949103405,142.01698949103405,54.242942462661105,54.242942462661105,43.79799715484501,43.79799715484501,Incorrect
149.56445726203336,149.56445726203336,142.14183673223593,142.14183673223593,73.11221007110612,73.11221007110612,40.525352655978075,40.525352655978075,Incorrect
146.97655811666277,146.97655811666277,142.34941335357254,142.34941335357254,73.70022510076245,73.70022510076245,57.45153141449275,57.45153141449275,Incorrect
178.86446593179772,178.86446593179772,170.17035222300203,170.17035222300203,90.82738108711376,90.82738108711376,90.16251464401869,90.16251464401869,Correct
145.96923186808402,145.96923186808402,155.5080084145414,155.5080084145414,57.62357866822228,57.62357866822228,49.88159930123727,49.88159930123727,Incorrect
120.90518804533477,120.90518804533477,136.29710946777737,136.29710946777737,50.76349455196801,50.76349455196801,42.21027482761336,42.21027482761336,Incorrect
173.36951069233925,173.36951069233925,173.29684252322863,173.29684252322863,85.0390267973289,85.0390267973289,78.76332193443514,78.76332193443514,Correct
154.95657336983143,154.95657336983143,141.97490920764727,141.97490920764727,68.47925584477255,68.47925584477255,47.57966045274469,47.57966045274469,Incorrect
122.83561514960185,122.83561514960185,159.69066048028793,159.69066048028793,66.23168283036732,66.23168283036732,55.86648824400844,55.86648824400844,Incorrect
127.64877199356225,127.64877199356225,128.81020400847217,128.81020400847217,66.01589575427874,66.01589575427874,49.342907935672606,49.342907935672606,Incorrect
136.22194586214633,136.22194586214633,150.42963173203069,150.42963173203069,66.87212822657575,66.87212822657575,57.38411468809031,57.38411468809031,Incorrect
170.36627802327095,170.36627802327095,178.9613732287291,178.9613732287291,97.37811732990667,97.37811732990667,77.94029489044263,77.94029489044263,Correct
147.81566136234616,147.81566136234616,125.87700694006554,125.87700694006554,63.16776636238437,63.16776636238437,59.54949967028271,59.54949967028271,Incorrect
177.49927964210147,177.49927964210147,174.2222071490856,174.2222071490856,92.02872413493273,92.02872413493273,89.9292505038925,89.9292505038925,Correct
148.51727918244225,148.51727918244225,146.5772399943258,146.5772399943258,50.20623327737709,50.20623327737709,47.203792014699204,47.203792014699204,Incorrect
123.28321362198449,123.28321362198449,144.25307439158962,144.25307439158962,69.20650545792743,69.20650545792743,57.844052888926164,57.844052888926164,Incorrect
141.12388637902822,141.12388637902822,122.89996173734677,122.89996173734677,55.51562785312128,55.51562785312128,53.00672740164348,53.00672740164348,Incorrect
178.5552684750652,178.5552684750652,178.91516554533578,178.91516554533578,98.63669718866817,98.63669718866817,88.2825238705396,88.2825238705396,Correct
144.1845637239272,144.1845637239272,142.3376810363522,142.3376810363522,66.54721265131845,66.54721265131845,55.60860496636906,55.60860496636906,Incorrect
131.72093379306116,131.72093379306116,159.35821142792256,159.35821142792256,63.75081491619932,63.75081491619932,41.62387167092003,41.62387167092003,Incorrect
120.09507106164122,120.09507106164122,130.99826008980693,130.99826008980693,62.48335710738957,62.48335710738957,62.53163005485916,62.53163005485916,Incorrect
141.35550085317055,141.35550085317055,155.7238079769401,155.7238079769401,41.17055145139057,41.17055145139057,47.41542384590934,47.41542384590934,Incorrect
171.86767033088753,171.86767033088753,170.97291205988242,170.97291205988242,86.26062241054551,86.26062241054551,92.54654951858959,92.54654951858959,Correct
177.50313760136558,177.50313760136558,173.2034014008329,173.2034014008329,86.21273930515584,86.21273930515584,86.01033378006319,86.01033378006319,Correct
156.6851897631149,156.6851897631149,150.10557153818849,150.10557153818849,59.850603921183975,59.850603921183975,55.98966836324585,55.98966836324585,Incorrect
173.45723454688078,173.45723454688078,175.28427227387965,175.28427227387965,99.23730084077938,99.23730084077938,89.43929945409018,89.43929945409018,Correct
175.97837707201018,175.97837707201018,176.94188206013325,176.94188206013325,82.99486117298633,82.99486117298633,78.89905340856839,78.89905340856839,Correct
129.15207253249312,129.15207253249312,139.4759699774276,139.4759699774276,56.82447185975376,56.82447185975376,40.767253544834574,40.767253544834574,Incorrect
178.31262463440956,178.31262463440956,173.92213931886639,173.92213931886639,88.33785821200402,88.33785821200402,94.47061706562249,94.47061706562249,Correct
178.7551612689447,178.7551612689447,173.12549064440702,173.12549064440702,91.60285306369302,91.60285306369302,85.95070134132561,85.95070134132561,Correct
128.7501223036801,128.7501223036801,133.28002636480068,133.28002636480068,62.417556204147274,62.417556204147274,45.25238291814024,45.25238291814024,Incorrect
170.6021527057326,170.6021527057326,177.09568602208725,177.09568602208725,92.10180461815176,92.10180461815176,75.88862978159166,75.88862978159166,Correct
157.2396020195672,157.2396020195672,136.00713888814633,136.00713888814633,53.184459565709,53.184459565709,64.12937335413812,64.12937335413812,Incorrect
170.98762583030395,170.98762583030395,176.56578563159633,176.56578563159633,86.12279503270179,86.12279503270179,82.33326715853747,82.33326715853747,Correct
138.39508393823226,138.39508393823226,153.995812224962,153.995812224962,59.33953409656192,59.33953409656192,53.98484562093944,53.98484562093944,Incorrect
134.728466701957,134.728466701957,154.74330463804063,154.74330463804063,62.59538000501239,62.59538000501239,45.68244903620137,45.68244903620137,Incorrect
147.03947269506412,147.03947269506412,134.11085951742348,134.11085951742348,52.33408822486757,52.33408822486757,66.57096255153161,66.57096255153161,Incorrect
158.36621101456535,158.36621101456535,154.65299194876422,154.65299194876422,61.09472156779504,61.09472156779504,63.92186487848389,63.92186487848389,Incorrect
131.4546223692819,131.4546223692819,150.35128476691875,150.35128476691875,55.909362912028634,55.909362912028634,50.50136107600862,50.50136107600862,Incorrect
172.2841038996375,172.2841038996375,173.99098860286682,173.99098860286682,91.55587835648738,91.55587835648738,89.16872495604042,89.16872495604042,Correct
149.2963178862645,149.2963178862645,152.33000714404403,152.33000714404403,40.14190763899961,40.14190763899961,68.76038759859497,68.76038759859497,Incorrect
175.5149613990239,175.5149613990239,178.78385142317072,178.78385142317072,82.8611412142125,82.8611412142125,79.88826857631668,79.88826857631668,Correct
146.93368540987495,146.93368540987495,156.3447431505572,156.3447431505572,70.84265964413007,70.84265964413007,69.36364796528242,69.36364796528242,Incorrect
172.33808117531174,172.33808117531174,178.3780204014268,178.3780204014268,84.22726566503313,84.22726566503313,79.60123557747357,79.60123557747357,Correct
159.23429885735425,159.23429885735425,155.7616714280556,155.7616714280556,50.59620251117828,50.59620251117828,65.72034921755355,65.72034921755355,Incorrect
179.65872213087167,179.65872213087167,173.63456371422305,173.63456371422305,83.93234284863236,83.93234284863236,75.78229397949652,75.78229397949652,Correct
129.78756152834512,129.78756152834512,145.47048634273355,145.47048634273355,74.54176611331175,74.54176611331175,69.96142658773533,69.96142658773533,Incorrect
135.39406656754488,135.39406656754488,157.69312123768916,157.69312123768916,48.61319308886013,48.61319308886013,48.69001538090659,48.69001538090659,Incorrect
173.84370912239842,173.84370912239842,176.08571248739864,176.08571248739864,85.74507158995033,85.74507158995033,87.58982341368079,87.58982341368079,Correct
171.1427696770676,171.1427696770676,170.32718064585202,170.32718064585202,88.90452548273976,88.90452548273976,76.31133662849577,76.31133662849577,Correct
153.61855116307265,153.61855116307265,138.10839270699654,138.10839270699654,42.483841828178356,42.483841828178356,58.65662132328225,58.65662132328225,Incorrect
176.67364620387573,176.67364620387573,171.8370368113925,171.8370368113925,83.69746807366616,83.69746807366616,81.52353092554789,81.52353092554789,Correct
123.3242422671174,123.3242422671174,148.81337830777355,148.81337830777355,43.61785344275229,43.61785344275229,69.66468506609391,69.66468506609391,Incorrect
133.7574312591675,133.7574312591675,140.6605232309617,140.6605232309617,51.95768405643233,51.95768405643233,45.543699905272945,45.543699905272945,Incorrect
125.3213692471086,125.3213692471086,123.32625131030301,123.32625131030301,70.21076919511874,70.21076919511874,43.43335819383317,43.43335819383317,Incorrect
176.56862696510916,176.56862696510916,171.9720374344848,171.9720374344848,90.80864304092522,90.80864304092522,85.49776582354117,85.49776582354117,Correct
150.5119859726662,150.5119859726662,143.8472208393567,143.8472208393567,43.95452713751012,43.95452713751012,66.08401978418141,66.08401978418141,Incorrect
178.9011522526238,178.9011522526238,172.18941281839685,172.18941281839685,99.3381179934217,99.3381179934217,77.69202368037867,77.69202368037867,Correct
128.3681319069011,128.3681319069011,151.04106278001706,151.04106278001706,71.36256773102816,71.36256773102816,43.41698665659342,43.41698665659342,Incorrect
173.9128471185658,173.9128471185658,175.16335517538542,175.16335517538542,99.92351981965106,99.92351981965106,84.69644339574727,84.69644339574727,Correct
158.14044296639972,158.14044296639972,129.00523132022957,129.00523132022957,70.34239765590907,70.34239765590907,50.00310808382391,50.00310808382391,Incorrect
172.20893537220599,172.20893537220599,178.2644897682021,178.2644897682021,82.04224886181443,82.04224886181443,85.56146038519653,85.56146038519653,Correct
126.59871804350749,126.59871804350749,122.16523811933354,122.16523811933354,55.32939036877893,55.32939036877893,68.44674001377493,68.44674001377493,Incorrect
147.47151489670756,147.47151489670756,154.16678076987165,154.16678076987165,51.712579752396195,51.712579752396195,54.720263286643736,54.720263286643736,Incorrect
146.28393822809082,146.28393822809082,133.4916775276903,133.4916775276903,42.99199121721734,42.99199121721734,51.2944553481296,51.2944553481296,Incorrect
147.65420903524998,147.65420903524998,159.9690373038404,159.9690373038404,69.23589390765085,69.23589390765085,51.508274554887414,51.508274554887414,Incorrect
175.74328727183175,175.74328727183175,177.34684654498304,177.34684654498304,94.93483792560566,94.93483792560566,83.23184308319911,83.23184308319911,Correct
146.47703381298598,146.47703381298598,151.9008971758834,151.9008971758834,59.50941021738064,59.50941021738064,40.68487574054696,40.68487574054696,Incorrect
178.6489354561964,178.6489354561964,178.5197349558747,178.5197349558747,85.00434826825455,85.00434826825455,84.94070309223669,84.94070309223669,Correct
134.35935340459844,134.35935340459844,125.09479979111958,125.09479979111958,51.72061443583329,51.72061443583329,68.72443473964182,68.72443473964182,Incorrect
142.99030441163546,142.99030441163546,120.68658371842692,120.68658371842692,57.10295646219943,57.10295646219943,52.4745211331501,52.4745211331501,Incorrect
148.1714314354803,148.1714314354803,133.06614067176469,133.06614067176469,45.63777098714758,45.63777098714758,58.56352983469361,58.56352983469361,Incorrect
179.405904883067,179.405904883067,171.60591841147837,171.60591841147837,87.66185830667563,87.66185830667563,86.81601426590836,86.81601426590836,Correct
170.86353323688985,170.86353323688985,175.45497645215633,175.45497645215633,88.41386908748069,88.41386908748069,76.70871363075553,76.70871363075553,Correct
175.77382222639326,175.77382222639326,178.04357254597758,178.04357254597758,96.5390522132756,96.5390522132756,76.04029904273887,76.04029904273887,Correct
148.68308463845068,148.68308463845068,145.22408048011383,145.22408048011383,67.49515285981563,67.49515285981563,50.27659226877702,50.27659226877702,Incorrect
145.86703419385054,145.86703419385054,125.3142599458626,125.3142599458626,45.09211538717926,45.09211538717926,64.79456220867885,64.79456220867885,Incorrect
176.37313190801214,176.37313190801214,172.67061650465925,172.67061650465925,81.35696632754365,81.35696632754365,79.48413999973053,79.48413999973053,Correct
170.62515606890025,170.62515606890025,170.14849670813985,170.14849670813985,83.99571980915414,83.99571980915414,84.69232311861695,84.69232311861695,Correct
178.8927444669377,178.8927444669377,172.46688559704515,172.46688559704515,93.05771722991753,93.05771722991753,88.60003990067929,88.60003990067929,Correct
179.50382213013373,179.50382213013373,179.79846502819242,179.79846502819242,96.38091385064241,96.38091385064241,76.41104479791045,76.41104479791045,Correct
154.8540438601596,154.8540438601596,123.90342361277933,123.90342361277933,45.6502451898505,45.6502451898505,67.08688478055608,67.08688478055608,Incorrect
124.97258314741048,124.97258314741048,148.04888330628276,148.04888330628276,69.6494378001761,69.6494378001761,54.088740487367275,54.088740487367275,Incorrect
137.73579846968826,137.73579846968826,135.85474751705462,135.85474751705462,69.84613124111652,69.84613124111652,63.633494618997354,63.633494618997354,Incorrect
131.42945346805777,131.42945346805777,147.67052828822204,147.67052828822204,50.798906964363596,50.798906964363596,49.71845823394124,49.71845823394124,Incorrect
170.01314638578475,170.01314638578475,178.64556130539825,178.64556130539825,87.49492492719865,87.49492492719865,92.58040344138296,92.58040344138296,Correct
175.08180321997875,175.08180321997875,170.51295590054332,170.51295590054332,99.95266964176713,99.95266964176713,77.25725022735317,77.25725022735317,Correct
179.6842750471611,179.6842750471611,175.9134118906622,175.9134118906622,90.5595003301237,90.5595003301237,81.87349739313993,81.87349739313993,Correct
170.02562433674996,170.02562433674996,179.01498984254698,179.01498984254698,83.59299926416804,83.59299926416804,78.87981743476423,78.87981743476423,Correct
158.5261681523634,158.5261681523634,125.37935309411851,125.37935309411851,68.06525074165155,68.06525074165155,54.48707413705091,54.48707413705091,Incorrect
172.29564192833286,172.29564192833286,174.07993438718617,174.07993438718617,98.31533963123202,98.31533963123202,77.043808735653,77.043808735653,Correct
138.36270964369567,138.36270964369567,154.27447198202157,154.27447198202157,65.71111968254942,65.71111968254942,57.77407159681718,57.77407159681718,Incorrect
173.17689074006708,173.17689074006708,171.21053797422215,171.21053797422215,90.14922929582517,90.14922929582517,87.50964999407057,87.50964999407057,Correct
170.0479264755914,170.0479264755914,175.27340606905688,175.27340606905688,97.88291545440143,97.88291545440143,92.72510125902947,92.72510125902947,Correct
172.92665389009895,172.92665389009895,174.94238267325196,174.94238267325196,91.67629448348873,91.67629448348873,88.86181968496811,88.86181968496811,Correct
176.74323935997782,176.74323935997782,173.2082269459194,173.2082269459194,94.48201160442366,94.48201160442366,88.6590375333588,88.6590375333588,Correct
154.94559626137357,154.94559626137357,140.16334436136896,140.16334436136896,54.205743136513554,54.205743136513554,46.89338878534659,46.89338878534659,Incorrect
179.45131068324218,179.45131068324218,176.5567083446461,176.5567083446461,98.61440211928854,98.61440211928854,91.16160912552456,91.16160912552456,Correct
147.47999547344577,147.47999547344577,133.61080771760254,133.61080771760254,66.18248061542475,66.18248061542475,58.08003201289256,58.08003201289256,Incorrect
125.5224842896293,125.5224842896293,147.5077365383391,147.5077365383391,73.43220842239039,73.43220842239039,44.42519899349456,44.42519899349456,Incorrect
177.85078045058816,177.85078045058816,171.2572302055104,171.2572302055104,86.32062384224226,86.32062384224226,90.70871250959577,90.70871250959577,Correct
173.9969654239173,173.9969654239173,174.52887055414925,174.52887055414925,85.37879457474565,85.37879457474565,88.39147278078714,88.39147278078714,Correct
170.01687444124892,170.01687444124892,172.75021252706384,172.75021252706384,91.29571587347263,91.29571587347263,83.49881041905458,83.49881041905458,Correct
172.70008015569363,172.70008015569363,174.5174241593366,174.5174241593366,97.1947344127884,97.1947344127884,83.02500625934101,83.02500625934101,Correct
142.16514749643844,142.16514749643844,124.01634602233271,124.01634602233271,74.36005768922746,74.36005768922746,53.21640119953719,53.21640119953719,Incorrect
130.3639885095485,130.3639885095485,146.2994056096683,146.2994056096683,68.81734995228679,68.81734995228679,55.7949504225298,55.7949504225298,Incorrect
151.01284368004013,151.01284368004013,128.9038015735905,128.9038015735905,48.74454389910982,48.74454389910982,61.202051645241475,61.202051645241475,Incorrect
174.95582181774844,174.95582181774844,179.7890496227221,179.7890496227221,97.26269801088668,97.26269801088668,82.73205716604237,82.73205716604237,Correct
158.53188070183197,158.53188070183197,136.00397638112034,136.00397638112034,69.36723389813564,69.36723389813564,58.81012822886992,58.81012822886992,Incorrect
174.98842193153033,174.98842193153033,174.55224635980198,174.55224635980198,83.34034906412079,83.34034906412079,87.33305687241241,87.33305687241241,Correct
178.01070248947946,178.01070248947946,172.75845044515503,172.75845044515503,83.90215311678763,83.90215311678763,91.49073336653825,91.49073336653825,Correct
145.36589922378528,145.36589922378528,150.96104778687214,150.96104778687214,41.624801127831375,41.624801127831375,42.846176416546164,42.846176416546164,Incorrect
174.77289032544218,174.77289032544218,173.78616535796206,173.78616535796206,85.80251223419721,85.80251223419721,79.69707496628824,79.69707496628824,Correct
172.66412907412013,172.66412907412013,178.80738157721666,178.80738157721666,93.0987696408359,93.0987696408359,92.36452785380985,92.36452785380985,Correct
129.48536620525016,129.48536620525016,131.95853601762707,131.95853601762707,60.86925589722957,60.86925589722957,40.95085632110448,40.95085632110448,Incorrect
175.97087058856226,175.97087058856226,178.14668095188836,178.14668095188836,91.9696726891014,91.9696726891014,75.46050986767315,75.46050986767315,Correct
134.6706382889492,134.6706382889492,125.00564468806387,125.00564468806387,53.717796666694305,53.717796666694305,61.55244452050129,61.55244452050129,Incorrect
171.97317673114222,171.97317673114222,172.7381889006495,172.7381889006495,91.07509039849502,91.07509039849502,89.5130456674293,89.5130456674293,Correct
175.76407664597423,175.76407664597423,179.90792322492965,179.90792322492965,92.68602978004816,92.68602978004816,91.67365580429909,91.67365580429909,Correct
147.94133777248769,147.94133777248769,127.61750626739865,127.61750626739865,47.281502842932994,47.281502842932994,41.245940071315694,41.245940071315694,Incorrect
177.00873547305642,177.00873547305642,176.62721134571743,176.62721134571743,89.7173337561859,89.7173337561859,87.37193103983986,87.37193103983986,Correct
138.22443227627102,138.22443227627102,124.3458909580525,124.3458909580525,72.3221659769996,72.3221659769996,59.4476526414745,59.4476526414745,Incorrect
133.90628098093003,133.90628098093003,139.56124117453496,139.56124117453496,60.72972521989628,60.72972521989628,64.17904665503497,64.17904665503497,Incorrect
129.58188515126253,129.58188515126253,155.32349259468924,155.32349259468924,50.58072932509482,50.58072932509482,43.50901286533295,43.50901286533295,Incorrect
139.92334609641364,139.92334609641364,129.06567540630834,129.06567540630834,72.33709790798653,72.33709790798653,60.38164840343954,60.38164840343954,Incorrect
154.9441359134963,154.9441359134963,132.12318672751132,132.12318672751132,51.32439991399566,51.32439991399566,52.12031738126301,52.12031738126301,Incorrect
136.28693456618532,136.28693456618532,159.29084215980916,159.29084215980916,70.21173736723675,70.21173736723675,51.490608867194396,51.490608867194396,Incorrect
134.93928685271462,134.93928685271462,146.43958532357087,146.43958532357087,70.40542084102422,70.40542084102422,59.02209298399415,59.02209298399415,Incorrect
170.36103142131236,170.36103142131236,178.49300473306914,178.49300473306914,99.408599326613,99.408599326613,92.41954978340384,92.41954978340384,Correct
134.07585319590137,134.07585319590137,153.6193954538544,153.6193954538544,51.67003789073951,51.67003789073951,60.052398997233055,60.052398997233055,Incorrect
174.95442629581348,174.95442629581348,176.4501828721598,176.4501828721598,98.14931617456295,98.14931617456295,83.84164201394127,83.84164201394127,Correct
133.62131799144763,133.62131799144763,123.35909175760008,123.35909175760008,47.24326164986532,47.24326164986532,48.12878758163943,48.12878758163943,Incorrect
172.93366682963554,172.93366682963554,179.29839161146634,179.29839161146634,89.38172283723662,89.38172283723662,76.78216669622309,76.78216669622309,Correct
179.07459626551852,179.07459626551852,177.7520871167893,177.7520871167893,88.99385449596201,88.99385449596201,80.16819007957473,80.16819007957473,Correct
132.1393682346246,132.1393682346246,129.82136567685916,129.82136567685916,61.2123696941097,61.2123696941097,48.64938964871721,48.64938964871721,Incorrect
132.71600636156325,132.71600636156325,134.09852475366432,134.09852475366432,47.13223139663524,47.13223139663524,68.71116445529071,68.71116445529071,Incorrect
171.88662910916423,171.88662910916423,174.17773300177987,174.17773300177987,96.73039205085558,96.73039205085558,86.26547076899476,86.26547076899476,Correct
175.68267197683346,175.68267197683346,178.98984185661718,178.98984185661718,80.30484878630567,80.30484878630567,92.53628620412125,92.53628620412125,Correct
150.26562348346428,150.26562348346428,145.68942047321931,145.68942047321931,52.06359307258009,52.06359307258009,56.05158357213634,56.05158357213634,Incorrect
133.83897126722428,133.83897126722428,145.49599564320727,145.49599564320727,58.70623435457852,58.70623435457852,59.54730481571498,59.54730481571498,Incorrect
174.30039510782782,174.30039510782782,176.38819192265922,176.38819192265922,88.21520499713915,88.21520499713915,90.27529814125475,90.27529814125475,Correct
150.7026886581674,150.7026886581674,158.72894721355195,158.72894721355195,59.336228822796286,59.336228822796286,67.17106118023796,67.17106118023796,Incorrect
148.78289747504778,148.78289747504778,142.9306514002914,142.9306514002914,53.033356371764924,53.033356371764924,64.10120361179999,64.10120361179999,Incorrect
126.88089208211846,126.88089208211846,155.47634541478595,155.47634541478595,49.057958535185364,49.057958535185364,57.195423055483104,57.195423055483104,Incorrect
132.91446204555595,132.91446204555595,159.94675944046963,159.94675944046963,52.30861291171749,52.30861291171749,41.00105388851983,41.00105388851983,Incorrect
176.14623526668043,176.14623526668043,170.31841431263607,170.31841431263607,96.12089171408675,96.12089171408675,89.76708172161455,89.76708172161455,Correct
129.04026884478358,129.04026884478358,122.56669540156776,122.56669540156776,41.409965314032526,41.409965314032526,56.31228712398055,56.31228712398055,Incorrect
127.44415379739799,127.44415379739799,154.60843722414518,154.60843722414518,51.64485302826405,51.64485302826405,54.733256084452826,54.733256084452826,Incorrect
175.4102222507649,175.4102222507649,173.5475890793034,173.5475890793034,89.42610843218942,89.42610843218942,82.24362949520525,82.24362949520525,Correct
170.59174995155698,170.59174995155698,177.91470567419702,177.91470567419702,91.80058029317367,91.80058029317367,80.25841031088626,80.25841031088626,Correct
175.18354231785563,175.18354231785563,178.53084795974044,178.53084795974044,89.56329220775821,89.56329220775821,87.20644442035137,87.20644442035137,Correct
172.2920180875196,172.2920180875196,172.41727359090746,172.41727359090746,93.00160075044174,93.00160075044174,89.88137747822844,89.88137747822844,Correct
125.77422504353763,125.77422504353763,129.56937816937324,129.56937816937324,65.99972194003351,65.99972194003351,69.33680972914813,69.33680972914813,Incorrect
178.14639939880465,178.14639939880465,174.4710042769835,174.4710042769835,85.25859282935625,85.25859282935625,84.09845237630283,84.09845237630283,Correct
138.83674379846846,138.83674379846846,141.471177765371,141.471177765371,45.91007973218313,45.91007973218313,69.04345979571282,69.04345979571282,Incorrect
136.28421109633467,136.28421109633467,127.32425967306754,127.32425967306754,69.14233907218659,69.14233907218659,61.55220927905131,61.55220927905131,Incorrect
175.333749739417,175.333749739417,170.07313870013596,170.07313870013596,84.24787929706487,84.24787929706487,91.39079947224079,91.39079947224079,Correct
176.4939169878499,176.4939169878499,170.49200761351432,170.49200761351432,83.60213708268171,83.60213708268171,94.22568954265593,94.22568954265593,Correct
132.2662824735962,132.2662824735962,142.38918655002078,142.38918655002078,48.64007540182412,48.64007540182412,63.475220159687794,63.475220159687794,Incorrect
175.80882142780547,175.80882142780547,170.4119316886744,170.4119316886744,85.27969670670417,85.27969670670417,78.37554013907989,78.37554013907989,Correct
179.83598396513784,179.83598396513784,178.0984030049939,178.0984030049939,86.99190911307525,86.99190911307525,89.23014350148846,89.23014350148846,Correct
159.85753355235266,159.85753355235266,138.91121951239344,138.91121951239344,73.05355574689187,73.05355574689187,58.56724226909283,58.56724226909283,Incorrect
176.92503230328344,176.92503230328344,179.42262792637453,179.42262792637453,92.23441821042555,92.23441821042555,82.4380147941122,82.4380147941122,Correct
178.99006594514793,178.99006594514793,170.64483523783164,170.64483523783164,86.87794510840638,86.87794510840638,81.52061708942658,81.52061708942658,Correct
173.5527079206044,173.5527079206044,175.80711440873986,175.80711440873986,88.10769561196676,88.10769561196676,84.85555012480862,84.85555012480862,Correct
134.1009716955367,134.1009716955367,134.1193576065831,134.1193576065831,65.83913184324459,65.83913184324459,62.73719304594352,62.73719304594352,Incorrect
170.85549451008748,170.85549451008748,171.529050963758,171.529050963758,83.03436743217516,83.03436743217516,82.30209226889383,82.30209226889383,Correct
174.86074077119895,174.86074077119895,174.56989270984005,174.56989270984005,98.88265429245797,98.88265429245797,80.23798274381988,80.23798274381988,Correct
147.51360636076603,147.51360636076603,120.57066209372839,120.57066209372839,68.85309014849703,68.85309014849703,50.919875106240454,50.919875106240454,Incorrect
122.94519260853556,122.94519260853556,120.1068621316534,120.1068621316534,61.71931943738818,61.71931943738818,50.00578530916911,50.00578530916911,Incorrect
129.87516709429468,129.87516709429468,142.3251952578706,142.3251952578706,71.29500357380742,71.29500357380742,56.734058395414,56.734058395414,Incorrect
176.2613666880321,176.2613666880321,171.18607036912843,171.18607036912843,90.77013067292908,90.77013067292908,83.55409726083077,83.55409726083077,Correct
121.32263772557403,121.32263772557403,131.7621136158613,131.7621136158613,68.35566570979847,68.35566570979847,65.74676595254108,65.74676595254108,Incorrect
176.88609751721557,176.88609751721557,179.09018448578186,179.09018448578186,96.20638222346479,96.20638222346479,77.36756970194632,77.36756970194632,Correct
145.88159128683353,145.88159128683353,128.65309506590262,128.65309506590262,71.06336289391159,71.06336289391159,53.900574633363085,53.900574633363085,Incorrect
176.6018241426048,176.6018241426048,171.8673503839244,171.8673503839244,80.58020912372272,80.58020912372272,79.24977722194797,79.24977722194797,Correct
171.65440266099114,171.65440266099114,172.43151849937166,172.43151849937166,88.60494603606195,88.60494603606195,82.7322182018682,82.7322182018682,Correct
144.16325900008025,144.16325900008025,157.14137481726678,157.14137481726678,49.48644835253896,49.48644835253896,67.75433619237715,67.75433619237715,Incorrect
156.946764247146,156.946764247146,120.68207419762051,120.68207419762051,51.03467108953387,51.03467108953387,69.44600172398373,69.44600172398373,Incorrect
176.66109462170758,176.66109462170758,176.81178895118177,176.81178895118177,83.20183480159143,83.20183480159143,86.15759347866896,86.15759347866896,Correct
158.17900109692386,158.17900109692386,153.98053341825462,153.98053341825462,73.6397231034666,73.6397231034666,41.475383287256655,41.475383287256655,Incorrect
174.40525530257622,174.40525530257622,178.95415653636607,178.95415653636607,88.82548959076698,88.82548959076698,80.87259187434948,80.87259187434948,Correct
140.69719709916004,140.69719709916004,130.0542711814466,130.0542711814466,71.6641883321644,71.6641883321644,62.935030368928636,62.935030368928636,Incorrect
155.5106467141601,155.5106467141601,155.13401390248572,155.13401390248572,42.50500985970856,42.50500985970856,49.33002312213084,49.33002312213084,Incorrect
179.76684758053858,179.76684758053858,172.06938091898797,172.06938091898797,95.37937204289776,95.37937204289776,76.68027640441223,76.68027640441223,Correct
177.1335190294185,177.1335190294185,172.98278167773606,172.98278167773606,94.14935848300594,94.14935848300594,90.86639172585379,90.86639172585379,Correct
153.66540871239246,153.66540871239246,149.26983309918043,149.26983309918043,71.18740866872875,71.18740866872875,44.13371683692292,44.13371683692292,Incorrect
147.67928448560738,147.67928448560738,121.77020630203495,121.77020630203495,49.51571140330371,49.51571140330371,54.68633702079565,54.68633702079565,Incorrect
124.77999481672616,124.77999481672616,122.39762762525004,122.39762762525004,67.95187023093796,67.95187023093796,65.66861446329484,65.66861446329484,Incorrect
173.54305686054204,173.54305686054204,170.63292940296094,170.63292940296094,98.12929627209829,98.12929627209829,81.94205105986633,81.94205105986633,Correct
151.6147846159219,151.6147846159219,138.37638170609233,138.37638170609233,41.77220042217515,41.77220042217515,51.92666267398432,51.92666267398432,Incorrect
176.46400371594592,176.46400371594592,171.1276979676068,171.1276979676068,88.88803133170565,88.88803133170565,91.8236557155834,91.8236557155834,Correct
153.05612406807631,153.05612406807631,125.56531163535375,125.56531163535375,42.21449367430683,42.21449367430683,45.97063221409929,45.97063221409929,Incorrect
175.21563500324876,175.21563500324876,179.09078861055013,179.09078861055013,81.92872749295427,81.92872749295427,79.58347198428795,79.58347198428795,Correct
122.38618740434791,122.38618740434791,150.4995249641094,150.4995249641094,70.25639551954879,70.25639551954879,45.82309586468885,45.82309586468885,Incorrect
175.37831066716126,175.37831066716126,174.45754476716192,174.45754476716192,91.78859049891392,91.78859049891392,89.23613596788124,89.23613596788124,Correct
172.1736547507109,172.1736547507109,170.1617101778881,170.1617101778881,82.29514884824926,82.29514884824926,77.75024872480951,77.75024872480951,Correct
131.2634230995949,131.2634230995949,139.17059743690393,139.17059743690393,62.28796324178584,62.28796324178584,66.27601151012765,66.27601151012765,Incorrect
130.1120156282631,130.1120156282631,135.81043616447062,135.81043616447062,56.79866287623925,56.79866287623925,41.1129327264713,41.1129327264713,Incorrect
179.04220784568835,179.04220784568835,177.56233221231167,177.56233221231167,88.58189627170341,88.58189627170341,94.43405155142302,94.43405155142302,Correct
159.97368235903932,159.97368235903932,148.00500765314447,148.00500765314447,51.938361113872844,51.938361113872844,43.97549960838529,43.97549960838529,Incorrect
124.71171835325603,124.71171835325603,146.56662095636128,146.56662095636128,44.810581582987,44.810581582987,53.09719860967623,53.09719860967623,Incorrect
171.92994443083435,171.92994443083435,176.2434692187963,176.2434692187963,89.63027249743081,89.63027249743081,86.95563431243178,86.95563431243178,Correct
172.1245839822142,172.1245839822142,171.84724214815515,171.84724214815515,84.00899762961403,84.00899762961403,86.97868869393837,86.97868869393837,Correct
130.41291687132863,130.41291687132863,125.88741742757334,125.88741742757334,59.44375298699412,59.44375298699412,62.242052463636675,62.242052463636675,Incorrect
122.6325701874407,122.6325701874407,124.50909715262523,124.50909715262523,54.83064309554797,54.83064309554797,52.65753342428237,52.65753342428237,Incorrect
175.89317160443187,175.89317160443187,177.0873790227936,177.0873790227936,87.53886468447692,87.53886468447692,86.15902691283078,86.15902691283078,Correct
172.05000315387647,172.05000315387647,171.17491213249932,171.17491213249932,95.29622809193711,95.29622809193711,84.08359250260148,84.08359250260148,Correct
177.9619284905801,177.9619284905801,175.44934949082102,175.44934949082102,84.61753674344462,84.61753674344462,82.07683928429365,82.07683928429365,Correct
171.20368792650726,171.20368792650726,171.7038770624356,171.7038770624356,99.72887141227606,99.72887141227606,91.83840041406157,91.83840041406157,Correct
153.51017288126104,153.51017288126104,155.37519823265094,155.37519823265094,68.9310057308073,68.9310057308073,55.7229599472103,55.7229599472103,Incorrect
175.51243342754373,175.51243342754373,179.3087628318016,179.3087628318016,96.57636551768027,96.57636551768027,78.32786912973836,78.32786912973836,Correct
158.07754242898716,158.07754242898716,121.65370148329936,121.65370148329936,42.562597701531274,42.562597701531274,53.72505918251773,53.72505918251773,Incorrect
170.13467676204434,170.13467676204434,170.61050898130017,170.61050898130017,81.62351407880753,81.62351407880753,89.26090485321093,89.26090485321093,Correct
156.18570827727686,156.18570827727686,151.27421100243933,151.27421100243933,63.99890032619001,63.99890032619001,40.62961540304842,40.62961540304842,Incorrect
178.4740620296812,178.4740620296812,175.44108638460722,175.44108638460722,89.70605904107823,89.70605904107823,92.50225225110373,92.50225225110373,Correct
172.56747913792353,172.56747913792353,178.6909201937009,178.6909201937009,98.40309064812985,98.40309064812985,93.54101784183904,93.54101784183904,Correct
152.31056212467396,152.31056212467396,136.4027342565458,136.4027342565458,50.24636116503946,50.24636116503946,49.086714958343386,49.086714958343386,Incorrect
132.95612054624112,132.95612054624112,154.40369040312478,154.40369040312478,52.439415084401304,52.439415084401304,68.85902904527913,68.85902904527913,Incorrect
172.94185256557273,172.94185256557273,178.39672830738974,178.39672830738974,82.07362539674227,82.07362539674227,83.30051353259537,83.30051353259537,Correct
142.23769404035173,142.23769404035173,122.71032380543215,122.71032380543215,68.00012811669956,68.00012811669956,47.5378182229032,47.5378182229032,Incorrect
177.8867842672758,177.8867842672758,177.59529130826388,177.59529130826388,81.80719162860481,81.80719162860481,85.64167469458151,85.64167469458151,Correct
148.8031951946051,148.8031951946051,127.32457136465413,127.32457136465413,47.16303782738018,47.16303782738018,61.62352611514084,61.62352611514084,Incorrect
179.90110620987542,179.90110620987542,175.23381129368528,175.23381129368528,80.54690126163578,80.54690126163578,83.27353390209461,83.27353390209461,Correct
170.75835737439806,170.75835737439806,175.30955701366562,175.30955701366562,92.85663811806899,92.85663811806899,82.55869604958474,82.55869604958474,Correct
135.31546199229507,135.31546199229507,129.61861919875642,129.61861919875642,56.09953241803096,56.09953241803096,46.44003728818243,46.44003728818243,Incorrect
170.3691602202944,170.3691602202944,174.79158322850824,174.79158322850824,83.36576832934136,83.36576832934136,81.44624741462272,81.44624741462272,Correct
157.2215446494433,157.2215446494433,144.545631685321,144.545631685321,70.82177719832097,70.82177719832097,68.38334856953915,68.38334856953915,Incorrect
138.41442133554474,138.41442133554474,120.04710848145902,120.04710848145902,60.262106340446024,60.262106340446024,68.12668954289563,68.12668954289563,Incorrect
177.80312269930164,177.80312269930164,174.83075941864118,174.83075941864118,85.64990430988638,85.64990430988638,77.03799279015443,77.03799279015443,Correct
178.69940105673177,178.69940105673177,173.4014577361092,173.4014577361092,98.59153827411563,98.59153827411563,93.4087793235798,93.4087793235798,Correct
175.23075717363028,175.23075717363028,175.8387244437535,175.8387244437535,85.39698898522892,85.39698898522892,94.18864044249345,94.18864044249345,Correct
170.54226970480863,170.54226970480863,175.06894031527264,175.06894031527264,85.74701133419897,85.74701133419897,78.37208578858343,78.37208578858343,Correct
154.75359391943715,154.75359391943715,131.54438759053158,131.54438759053158,66.45689532885075,66.45689532885075,45.997380230344106,45.997380230344106,Incorrect
173.01107932046307,173.01107932046307,172.042010769159,172.042010769159,89.44865666790596,89.44865666790596,77.20890697310382,77.20890697310382,Correct
176.44939127380437,176.44939127380437,177.9412180229111,177.9412180229111,80.77667425549319,80.77667425549319,87.15542668286508,87.15542668286508,Correct
139.34322589039905,139.34322589039905,142.05814314348692,142.05814314348692,69.43734546394045,69.43734546394045,60.07381188581383,60.07381188581383,Incorrect
170.1527134035292,170.1527134035292,175.75619792562534,175.75619792562534,92.1230258238245,92.1230258238245,83.1019086584248,83.1019086584248,Correct
177.23209188296516,177.23209188296516,178.10844538913102,178.10844538913102,84.29990604055172,84.29990604055172,88.1512743899759,88.1512743899759,Correct
157.5836228553651,157.5836228553651,124.34175711177197,124.34175711177197,72.99965191485396,72.99965191485396,54.2779986049223,54.2779986049223,Incorrect
156.77919612758467,156.77919612758467,157.1016307835178,157.1016307835178,59.03266574576416,59.03266574576416,63.58927535098227,63.58927535098227,Incorrect
170.3125401492756,170.3125401492756,176.21824795559183,176.21824795559183,84.25968241248506,84.25968241248506,87.38759641663103,87.38759641663103,Correct
175.8176777769063,175.8176777769063,177.29967762185882,177.29967762185882,85.2075928926614,85.2075928926614,87.50859778104035,87.50859778104035,Correct
176.32313738434505,176.32313738434505,176.5708932647797,176.5708932647797,91.76112782283971,91.76112782283971,89.83584544054126,89.83584544054126,Correct
145.25503370311503,145.25503370311503,138.42142148089192,138.42142148089192,65.99450548031548,65.99450548031548,43.523672548666134,43.523672548666134,Incorrect
174.06905048069626,174.06905048069626,174.4328327834735,174.4328327834735,95.23182307483319,95.23182307483319,77.70619298679105,77.70619298679105,Correct
177.8396607857816,177.8396607857816,174.96543640035839,174.96543640035839,98.84286178879981,98.84286178879981,87.58744019032713,87.58744019032713,Correct
120.09729669041266,120.09729669041266,123.79837771130636,123.79837771130636,71.90575724656394,71.90575724656394,64.91683594978214,64.91683594978214,Incorrect
178.72610500122988,178.72610500122988,170.1987899699569,170.1987899699569,98.36478232361758,98.36478232361758,78.54120288442306,78.54120288442306,Correct
136.6782599921815,136.6782599921815,158.31751849759152,158.31751849759152,66.03471109025816,66.03471109025816,57.59309498763733,57.59309498763733,Incorrect
177.06095548585472,177.06095548585472,176.9671258733108,176.9671258733108,90.18695815213626,90.18695815213626,82.7387170023146,82.7387170023146,Correct
120.10307284874557,120.10307284874557,134.49369675044588,134.49369675044588,67.76190716611055,67.76190716611055,56.89393369544396,56.89393369544396,Incorrect
172.6680675590866,172.6680675590866,172.16743405197144,172.16743405197144,82.50408567395334,82.50408567395334,94.32315310961826,94.32315310961826,Correct
130.01413506773312,130.01413506773312,142.09728813385237,142.09728813385237,43.25011579860038,43.25011579860038,44.95459886795412,44.95459886795412,Incorrect
171.22628104035059,171.22628104035059,177.31870268749344,177.31870268749344,84.14969650733788,84.14969650733788,85.31611034260101,85.31611034260101,Correct
150.01676097209685,150.01676097209685,153.21200580643622,153.21200580643622,61.0145912728685,61.0145912728685,55.856890707630015,55.856890707630015,Incorrect
158.09510001525567,158.09510001525567,140.04522412273542,140.04522412273542,44.42191275121684,44.42191275121684,49.48927429067834,49.48927429067834,Incorrect
137.5204977839423,137.5204977839423,158.607272132432,158.607272132432,43.91903655413293,43.91903655413293,60.567336177695076,60.567336177695076,Incorrect
148.2479809530841,148.2479809530841,157.72351439229683,157.72351439229683,46.50186102635375,46.50186102635375,40.94100921250082,40.94100921250082,Incorrect
179.46732053567408,179.46732053567408,179.12707742776644,179.12707742776644,93.75113777762218,93.75113777762218,82.24329889391254,82.24329889391254,Correct
130.9138516059722,130.9138516059722,130.8776989513974,130.8776989513974,44.07933906899315,44.07933906899315,57.379490889513306,57.379490889513306,Incorrect
174.62572309216716,174.62572309216716,172.63077904433908,172.63077904433908,84.62632958753271,84.62632958753271,81.31816132153968,81.31816132153968,Correct
174.57634533814658,174.57634533814658,172.40668341560064,172.40668341560064,80.89182797889261,80.89182797889261,93.98520400063612,93.98520400063612,Correct
171.80004071322742,171.80004071322742,172.01699804254625,172.01699804254625,93.64755977796271,93.64755977796271,94.34967427443844,94.34967427443844,Correct
129.6228299148351,129.6228299148351,155.75331613291044,155.75331613291044,50.20440171454226,50.20440171454226,42.72802500372368,42.72802500372368,Incorrect
121.49421334044625,121.49421334044625,148.30779209731588,148.30779209731588,71.62911896588034,71.62911896588034,66.9120403336257,66.9120403336257,Incorrect
173.3538342130952,173.3538342130952,176.37004495268832,176.37004495268832,94.99040014933765,94.99040014933765,76.43068172318935,76.43068172318935,Correct
122.00269589713086,122.00269589713086,136.21705059993667,136.21705059993667,42.50361890902183,42.50361890902183,42.83070544282541,42.83070544282541,Incorrect
151.78075088921972,151.78075088921972,139.39873576894084,139.39873576894084,45.0314588662869,45.0314588662869,49.414875570862996,49.414875570862996,Incorrect
172.6887017002414,172.6887017002414,177.6651464806494,177.6651464806494,96.86828573417408,96.86828573417408,86.24144727786187,86.24144727786187,Correct
179.8865926904993,179.8865926904993,170.48463905634887,170.48463905634887,81.78720983764117,81.78720983764117,83.78494619750094,83.78494619750094,Correct
159.7920930057929,159.7920930057929,147.74349126451023,147.74349126451023,56.74154460274267,56.74154460274267,67.48379089017862,67.48379089017862,Incorrect
173.16419520169742,173.16419520169742,170.7284197528776,170.7284197528776,93.09529037156311,93.09529037156311,86.44663500353231,86.44663500353231,Correct
143.2060041220166,143.2060041220166,132.56483210915718,132.56483210915718,41.93205104374441,41.93205104374441,62.04988498287049,62.04988498287049,Incorrect
128.6383616622156,128.6383616622156,143.0901423393425,143.0901423393425,70.16160055751901,70.16160055751901,62.871860772265705,62.871860772265705,Incorrect
175.42065184108424,175.42065184108424,178.10730351400196,178.10730351400196,92.7884342604536,92.7884342604536,80.39241825990632,80.39241825990632,Correct
176.8882018806317,176.8882018806317,176.25516972237838,176.25516972237838,93.14459563420007,93.14459563420007,82.95716176638368,82.95716176638368,Correct
